40000 32 5120
18640 13 0.704332
33605 27 1.14609
34124 28 0.921859
1858 9 0.513513
17118 13 0.529284
17190 31 1.46617
30236 7 1.25689
21118 13 0.557187
36714 12 0.711908
10135 7 1.01211
24194 21 0.639905
27383 20 1.34994
22066 13 1.40861
25631 6 0.626872
15268 13 0.836184
31342 20 1.44293
28681 29 1.22571
1202 20 1.40505
8260 22 0.581869
10071 21 1.26372
5768 27 1.45946
27002 10 0.870373
39079 28 0.694466
10652 9 0.883203
10321 6 1.45757
15635 9 0.746654
29836 5 1.32385
3067 5 0.730762
1881 11 1.07718
12315 22 1.32062
35648 9 1.34401
12103 31 1.31184
19237 24 0.603923
22776 28 0.672992
9343 31 1.21601
29795 26 0.644081
10230 26 1.4637
19966 11 1.2428
23903 16 0.839803
10270 0 0.822482
1807 15 0.518317
17644 13 1.47128
14390 5 1.05727
12048 31 0.770832
36098 12 0.720586
10641 25 0.869892
28043 31 1.35101
32898 21 0.81799
3125 21 0.999111
2826 20 0.950146
25832 11 1.1112
33989 23 0.596667
24326 6 0.66001
19065 6 0.594808
6510 31 0.880668
9183 24 1.36811
8068 21 1.24354
20266 26 0.935743
10974 29 0.519051
1928 25 0.776192
3682 12 1.29517
6622 30 0.540674
20220 26 1.06462
6272 22 1.34488
32441 9 0.512605
30310 12 0.57049
34618 1 0.787586
23031 21 0.668984
3217 2 1.07273
36459 12 0.68159
34936 31 1.19966
28 13 1.08468
33842 9 0.702482
33625 8 0.517233
24019 13 0.715043
37975 26 1.04818
36184 13 0.85657
6599 10 1.44775
33059 1 0.675127
10751 22 1.22878
4122 5 0.842907
6150 20 0.825773
28076 12 1.39315
18782 24 1.38036
12505 26 1.16717
1242 19 1.18733
31460 22 1.28093
5344 4 1.06246
36467 27 0.915738
35602 0 0.679078
17799 29 0.697372
26287 6 1.01546
5445 25 0.880697
26728 16 1.29454
38170 5 1.4385
20283 8 0.89663
10008 15 1.19036
28299 11 1.40999
11955 4 1.22122
19270 21 1.24395
25931 15 0.898065
19616 1 1.25785
3578 28 1.03202
23815 21 1.4946
25030 12 0.679244
14261 9 0.856685
37253 12 1.11831
24387 18 0.783252
6948 18 0.885268
2355 8 0.703906
31123 14 1.08773
31398 13 1.20952
33509 11 0.950978
15109 4 1.04852
32793 11 0.712531
28602 18 1.41755
23734 18 1.29107
33837 10 1.25899
31735 23 1.17567
3522 9 1.31932
7757 15 1.42452
27136 24 1.38287
24922 24 1.37938
29286 4 1.07079
30397 20 0.522159
1243 30 0.711428
39462 10 0.806753
32555 22 0.748797
18857 6 0.962525
24913 19 0.865905
37377 27 0.978602
32802 30 1.19665
10424 13 0.78243
14900 13 1.28652
7169 6 0.836583
11537 26 1.39019
31399 31 0.620681
20636 15 0.874662
15435 17 0.951456
9930 31 0.846389
15584 3 1.14897
15212 15 1.04292
35951 17 1.14579
17921 31 0.570819
21393 13 0.613268
201 0 1.4188
6148 14 1.01144
26223 9 0.581478
25752 2 1.14181
38937 19 0.722564
25353 14 1.30166
9686 11 0.755834
36165 7 0.570037
23707 1 0.879065
9421 17 0.555093
28809 16 1.47541
8101 16 1.30373
4877 5 1.34765
4335 7 0.572544
25599 1 1.13047
26352 25 1.40723
32060 31 0.507944
19247 7 1.00362
3531 10 0.972612
21109 2 1.04447
12517 25 0.854682
11833 4 0.819145
12919 9 1.12147
10095 22 1.20408
25809 31 1.29567
17866 0 0.574379
26318 30 1.24738
30853 21 0.915649
11415 30 1.09069
23448 12 0.941939
27642 0 0.558852
32065 30 1.00467
24281 15 1.14919
2282 29 0.553215
33657 9 0.667228
39694 17 0.861619
25291 3 1.44238
27358 10 0.66368
16760 21 0.682022
5107 0 1.1391
14681 27 1.45792
854 29 0.743707
17775 16 0.711311
34168 12 1.47837
13333 18 0.856831
25906 10 1.48144
11377 12 1.23776
24489 12 0.856047
39381 14 0.529806
19458 20 0.853562
3887 23 1.41785
39615 1 0.960836
18139 25 0.692702
4529 31 1.25101
14424 21 0.854341
21920 3 0.630394
10066 16 1.41314
30478 31 0.771527
39302 10 1.41878
13192 29 0.742771
29650 16 1.33928
10199 17 1.43371
30995 6 0.718122
27529 8 0.533074
14139 21 0.875992
25343 5 1.04372
22389 21 0.891018
37921 1 0.600164
36640 7 1.26123
27413 22 0.622076
17898 1 0.978106
34133 24 0.543661
24198 16 1.11209
8764 30 1.10418
38130 4 1.17927
39280 3 0.821508
18819 24 0.801481
18960 22 1.42933
9953 24 0.7013
30777 20 1.39626
24208 17 1.26544
29349 10 0.764042
8357 24 1.43274
2180 10 1.23164
26503 3 0.888628
33634 18 1.07818
37607 5 0.668279
38974 8 1.24403
36955 18 1.11563
28217 15 0.60836
30813 12 1.47173
24137 11 1.07556
37266 12 0.987846
1803 8 0.585459
20859 21 0.750547
1742 27 0.95671
30241 14 1.14775
28168 20 1.45855
5879 7 1.3891
3636 6 0.870828
31827 2 0.749063
9590 28 1.49115
23945 21 0.687123
14118 16 1.04616
33785 1 0.943605
14662 8 1.2247
16276 25 0.624824
36299 14 1.45044
17756 27 1.39994
796 15 0.541928
6469 26 1.12676
27807 7 0.840226
4218 8 0.745704
17228 7 0.967372
35152 27 0.543055
28358 29 0.539482
7682 23 1.43008
5931 21 0.537921
37194 31 0.839306
20717 9 0.536889
20894 31 0.691004
8002 25 1.3273
13825 6 1.10652
15781 2 0.78782
39414 26 1.2812
140 16 1.321
15512 24 1.38691
24803 17 1.15272
30570 15 1.39755
9957 12 0.67586
34933 15 0.865114
4111 29 1.09354
139 28 1.20651
27290 7 0.711116
24698 15 1.18146
9217 19 0.911748
29116 17 1.06008
1972 14 0.635661
2678 12 1.46907
15895 20 1.47792
20344 3 0.609648
17222 26 1.47545
288 16 0.750553
15509 13 1.04169
1120 13 1.09059
35532 24 1.165
8151 27 0.77453
37092 16 0.687017
23663 28 1.21718
31091 17 0.804085
22683 4 1.02693
8810 12 1.24944
39541 20 1.42624
5482 21 0.683819
32352 31 0.51804
19152 8 0.716323
33340 31 1.35215
24597 15 1.37034
8590 16 1.17197
829 23 1.08979
28083 0 0.826742
27993 21 0.665186
12449 22 1.4606
20342 25 1.47997
7591 14 1.25828
25178 11 1.1675
19277 6 1.00276
23214 8 1.40241
34881 14 1.37745
18755 22 1.26766
20334 30 1.08279
29563 13 0.600723
39961 23 0.858913
10287 8 1.4091
11829 20 1.47219
34006 21 1.18746
14964 20 1.45895
19959 9 1.25692
22756 2 1.47828
3445 31 1.07271
19406 20 1.08736
13634 25 0.813285
15875 21 1.31525
12600 0 0.950745
7712 4 1.30082
28602 24 1.18119
689 0 0.889632
25417 26 1.0735
19829 3 0.706542
23474 10 1.09026
24420 25 0.717303
14406 13 0.64043
16111 13 0.973114
34700 17 0.76929
16477 30 0.990786
12264 8 0.515793
25008 0 0.861024
27330 13 1.11487
18514 18 0.507791
22495 21 1.37368
4723 10 1.01753
14584 31 0.634798
7481 27 1.44036
1609 7 0.709185
18763 20 0.540418
2596 4 0.729765
24642 20 1.19553
24825 20 0.507766
3103 11 0.800353
29071 24 0.93212
5970 24 0.638458
21955 31 0.992419
35904 9 0.783992
23966 20 1.33231
12792 8 1.20901
27271 25 1.1173
21375 12 0.594318
3610 28 1.09509
23808 27 0.981475
12283 6 0.899694
28411 9 1.19613
19118 25 1.19451
24419 29 0.920293
34944 23 1.28437
28694 5 1.47275
3414 14 1.09861
28627 9 1.27837
25549 8 1.22363
10568 11 0.521436
12526 25 0.648985
3207 10 1.13583
14132 19 1.37183
38095 18 1.37231
14810 7 1.37702
6731 21 1.33117
25787 16 0.787129
3973 7 1.35368
20257 16 0.720589
19019 30 1.08871
242 24 1.42442
17755 25 0.979841
5730 7 1.00286
36712 31 0.617656
15846 5 0.528839
9833 17 0.777162
31234 4 1.16371
9318 2 0.820502
1097 27 1.29206
11438 21 1.16124
2708 31 1.49945
9978 17 1.26709
39662 28 1.01901
35854 10 0.973573
39764 18 1.06332
17164 31 0.995721
31291 7 0.637007
12813 6 0.708696
28340 23 0.969393
8438 10 0.963052
21524 17 1.43605
10014 3 0.648045
37550 0 0.992297
4816 0 0.567216
16974 24 0.946384
7267 7 1.26429
7364 8 1.47466
29534 10 0.756855
31029 19 0.900258
39285 16 1.41819
31220 10 1.19452
9466 17 0.88549
28851 24 1.0253
26305 13 1.02002
6922 9 0.609586
18186 6 1.10067
38119 20 1.2156
36054 18 1.20953
18827 9 1.38557
31782 23 0.812028
21912 18 1.25198
2112 20 1.42685
32546 2 0.750545
15904 12 1.48764
30265 19 0.920833
28588 2 0.698822
2912 29 1.47727
15169 9 0.515573
26322 3 0.743315
36456 7 1.39352
24471 16 0.950914
11138 11 1.4013
29632 2 1.2416
33160 13 1.39783
13686 31 1.16218
32209 21 0.848326
34746 10 1.43593
34415 6 0.767444
29524 20 0.503872
14473 11 0.716816
8764 12 0.694084
9895 31 0.632773
27958 25 0.99618
412 19 1.01425
9025 15 1.40302
18585 31 0.61708
10052 8 0.962363
4015 7 0.608083
5310 2 0.917558
18016 16 0.864848
9719 7 1.44999
32270 19 0.882038
8933 0 1.45332
26861 2 0.926356
11685 10 1.0175
36631 25 0.671019
32027 3 0.7099
25901 24 1.1243
35255 26 0.908248
35079 26 1.08348
22714 1 1.1949
35079 21 1.16282
33858 30 1.0003
25261 29 0.918064
3065 0 0.846253
16866 18 0.551356
7630 22 1.24847
29784 18 1.33764
31117 13 1.01445
2147 24 0.881439
16049 13 1.15634
9046 13 0.509674
10224 19 1.31887
6611 7 0.632181
14145 15 0.577032
8214 12 0.896012
39812 12 0.637374
21495 15 0.709089
16574 28 1.39842
39069 20 0.865584
23385 29 1.34323
10766 1 1.22499
18719 27 1.47143
12625 31 1.48967
34365 1 0.659197
37303 0 1.04529
36826 24 0.640515
37499 19 0.827138
10662 17 1.1224
33944 1 1.02338
15631 20 0.866403
3754 30 1.30558
13371 6 0.874598
874 14 0.703457
33041 17 1.26452
26499 0 1.16044
3733 24 0.929285
1768 22 1.46824
28680 9 1.20444
1179 21 0.785378
483 17 0.688308
20260 30 1.27655
7438 25 1.49266
32909 11 0.780227
18646 29 1.23068
10338 21 1.48611
27385 21 1.49883
18283 24 1.28634
11081 25 0.81462
27930 17 1.34594
18599 31 1.12269
34189 17 0.696092
25117 17 1.36136
28123 8 1.37386
23743 29 1.04874
5649 18 0.544594
4573 31 1.35353
34316 12 0.654753
345 9 0.803033
37344 13 0.651194
13736 14 1.23955
2498 6 1.08899
36397 4 0.656606
14289 16 0.978191
8834 23 1.48373
7394 27 0.692553
26375 22 0.541131
24203 7 1.27768
4928 30 0.68852
20781 24 1.17028
27035 17 0.970918
35995 20 0.594172
8630 29 1.09533
35415 1 1.39815
29236 15 0.710749
33903 29 1.43052
554 6 0.533159
5674 4 0.978809
7428 9 1.28485
736 14 1.1355
18928 20 0.578171
6191 4 1.11104
25282 2 0.606883
16536 10 1.44214
9693 24 0.590644
38071 26 1.35941
28479 7 1.01703
24703 28 0.845131
38714 27 1.15779
36960 18 0.71683
4861 23 0.760936
26669 3 1.27462
11917 24 0.685441
38765 24 0.88077
21877 20 0.943159
7326 15 1.30188
33214 16 1.19889
23586 31 0.886736
9442 6 0.753081
10734 12 0.998235
19912 15 1.17994
25702 28 0.555849
21799 20 0.9826
7074 31 1.31755
8968 24 1.31397
2250 1 0.994425
34124 27 1.28952
15787 5 1.47896
4407 18 1.273
38045 0 0.905758
35262 22 1.06676
6058 3 1.25155
15058 20 0.501555
25537 2 0.905356
662 5 1.0308
28154 22 0.898754
18976 3 1.116
39939 13 0.92515
37912 31 0.795646
6326 25 1.01405
7545 20 0.664382
26106 21 0.551349
38578 12 1.3672
4234 29 1.02073
9251 15 0.65181
24220 15 0.910659
25645 21 1.40095
34483 25 1.10514
2669 29 1.27732
24615 15 0.95232
5177 27 1.38327
33265 22 1.45223
2445 9 1.32484
34085 20 1.34551
38070 14 0.692535
26309 4 1.46367
9873 13 1.04666
1818 20 0.595629
18854 6 1.46347
26463 19 0.891339
1377 3 1.19439
6162 23 1.43949
24527 22 1.16172
24577 14 1.23622
11874 30 0.813445
2879 14 0.625695
15428 7 1.17104
10400 6 1.40049
27640 20 1.46964
8879 1 1.19272
7687 1 1.44549
15080 16 0.964206
3853 5 0.925332
17045 5 0.565487
22043 25 1.14247
44 5 1.10746
24684 1 1.37782
32337 30 1.43701
24201 17 1.34151
26335 16 0.546024
18600 12 1.48566
14656 21 0.73179
39607 19 1.48987
9082 18 0.507102
14146 4 1.01355
28385 22 1.24647
33690 31 0.797954
10761 22 0.563239
25437 3 1.2426
29021 6 1.11776
27274 16 0.872376
37633 7 0.693109
9020 6 0.975326
20104 20 1.31558
28810 21 0.658498
36560 22 1.45401
10565 15 1.15556
39037 10 1.06533
36634 1 1.38765
35625 9 1.37878
5553 4 0.629142
20814 3 1.10379
19429 23 0.700646
12811 12 0.728424
38481 14 0.692788
39865 4 0.65884
25112 5 1.17932
34385 20 1.30685
14770 10 1.13059
2577 19 0.708014
22618 6 0.636833
6187 18 0.636082
23730 24 0.500886
7634 4 0.636562
1976 17 0.561503
687 4 0.90457
29105 23 1.29316
3833 6 0.692933
27339 16 0.684398
14074 24 0.78685
28936 29 1.28788
9612 28 0.524611
10394 27 0.600725
15923 4 0.938887
34971 29 1.39122
7363 15 1.38348
26480 7 0.843005
6715 7 1.19759
38645 5 1.17776
7924 30 1.28311
9905 7 1.18123
4750 27 0.581932
6556 6 1.3568
26448 3 0.918476
38278 25 0.769141
2308 6 0.640442
26237 27 0.521323
35715 16 1.38792
36494 28 1.13488
6736 5 0.698088
34232 31 0.930427
10672 29 1.35122
8487 7 0.587447
30256 11 1.01353
28234 1 0.624855
16290 2 0.798016
26892 6 0.533048
35058 5 1.2672
23749 1 0.508057
5354 23 0.909309
35131 2 0.664938
20027 3 0.919683
18730 5 0.658154
36858 6 0.950269
17956 20 1.07799
6183 1 0.844783
36841 19 1.07631
28153 15 1.24938
21515 14 0.643519
18886 7 1.38251
22023 25 0.988578
8155 6 0.837001
34856 7 0.629125
24735 24 1.38359
191 6 0.988354
30141 3 0.567962
28607 19 1.01622
2571 1 1.09215
38253 12 1.41331
19549 20 0.807236
36587 16 0.846383
12348 24 1.08212
31050 28 0.522881
20929 3 0.820817
12762 12 0.926039
24593 29 0.941875
17754 3 1.3648
5111 31 1.30657
17522 0 0.735293
36329 6 0.772108
7054 18 0.618759
1834 20 1.49915
24679 6 1.36618
38613 24 0.590572
33134 18 0.599905
5186 27 1.03256
29844 27 1.36353
13790 22 1.2216
27005 10 1.3423
37106 10 1.4183
33632 8 0.794571
19473 11 1.07093
18083 5 0.797346
21921 21 0.860977
27270 3 1.2499
36093 13 1.44256
12473 8 1.34829
10060 11 1.3862
5020 14 0.623446
22632 30 0.812435
15720 24 1.18897
12841 20 0.692176
13012 26 1.17368
16013 11 0.725103
38413 3 0.793276
39676 22 0.807665
22253 16 1.49339
25555 21 1.47553
39542 15 0.88561
5513 9 1.02237
24637 21 0.853174
3081 12 1.13708
29586 2 1.02445
25715 17 1.34891
11964 6 1.19418
11784 31 1.07088
14181 7 0.534743
5575 15 1.22807
13663 11 0.806532
7919 27 0.83195
5090 23 0.681589
33478 19 1.29311
32458 26 0.578994
10570 13 0.808053
30513 8 1.4145
9147 26 0.803227
11563 22 1.35544
14946 18 0.810494
31844 24 0.931957
23789 7 0.51187
19491 10 1.48301
37129 9 1.03557
38384 3 0.960489
32115 1 0.897887
26344 5 0.711232
14596 8 1.36173
9905 24 1.34244
20732 21 1.08786
27742 10 1.05647
5247 18 1.14453
23359 20 0.681534
38037 23 1.31129
26292 8 1.15257
1159 1 0.550961
26304 7 1.11871
13012 14 1.05412
28520 5 0.853115
28380 12 1.25946
22087 12 0.935298
30231 7 1.23274
8126 2 1.13478
54 25 0.810106
1146 6 0.801555
34624 2 0.993025
32939 29 1.1743
15621 27 0.52873
17486 29 0.682271
16387 22 1.04789
37211 19 1.08362
718 20 1.1691
3437 11 1.19683
30668 11 0.896126
28916 11 1.21897
1673 23 1.26435
16502 26 1.19442
31260 8 1.43502
879 15 1.16605
36280 12 0.77373
17411 11 1.24021
29062 25 1.34059
32019 2 0.692494
26722 28 0.849354
27051 12 1.43077
35239 18 0.531689
11154 31 1.44131
27359 30 0.652624
15476 16 0.856109
23918 12 0.621371
10864 1 1.26533
9150 11 0.634136
24868 12 0.83685
30872 4 0.776797
6104 26 0.913764
30483 16 0.737651
7639 16 0.963919
16137 1 1.14612
8755 8 1.49259
4368 30 0.871559
4572 0 0.793155
29747 0 1.2561
37799 21 0.752333
8463 13 1.15103
35691 27 0.88834
24118 17 1.00508
21641 17 1.03391
25060 10 0.66958
5138 12 0.564152
30919 18 1.07217
21591 13 1.49731
25208 30 1.36644
7964 12 0.835176
7717 21 1.45039
961 17 1.31292
20664 29 0.890307
25282 1 0.794677
39272 9 0.578792
33680 15 1.08308
38762 19 0.509184
39794 27 0.751912
29469 7 1.1227
13873 10 1.2837
8723 30 1.34628
11175 29 0.826684
33575 24 0.863223
30694 4 1.45672
17877 27 1.45125
2469 10 1.20259
18321 20 0.846835
35578 24 0.737955
9588 9 1.44281
34218 6 1.44958
38995 24 0.579871
39804 23 1.42525
14059 24 1.35738
31715 10 0.52526
35599 22 1.06822
30729 1 1.4346
30862 29 0.977653
7169 19 0.874392
8826 16 1.1377
28551 1 0.584803
32977 0 1.49243
7644 21 0.870735
28344 1 0.686456
29900 17 0.990004
18056 24 0.98136
31080 9 0.856061
26675 10 1.08811
19554 9 0.733261
17784 29 0.864421
36439 10 0.629887
8960 6 1.05547
8557 20 0.98253
26392 3 1.16722
7274 7 0.652149
19280 0 0.943293
22863 15 1.37539
8057 6 1.22132
38978 2 1.41562
12096 20 1.4093
14483 3 0.842841
8103 29 0.845337
31626 22 0.840609
21400 14 0.856414
20839 27 0.694457
25463 25 0.829979
34924 25 1.0247
10825 31 1.25281
24142 21 1.42262
26591 26 0.618788
35206 23 0.525185
32909 6 1.35394
1853 25 1.3212
33468 16 1.10982
6123 30 0.812609
12063 4 0.629763
23149 18 0.621838
867 26 1.37443
26666 4 1.35578
16 16 0.920921
14799 15 1.48603
25035 20 0.700824
37056 0 1.13693
12234 6 0.819709
30789 2 0.642278
35506 24 1.49571
11444 15 1.47818
22583 30 1.32249
11051 20 0.546565
38820 29 1.11931
20365 29 1.27169
10848 20 1.05505
29447 0 0.637515
16474 1 0.526576
26254 26 0.800912
4903 8 1.01823
30005 28 0.69331
5921 23 1.34414
30998 3 1.01724
893 2 1.10506
4542 19 0.616626
20969 22 1.23568
12549 13 1.15406
9065 17 0.924797
36738 29 1.09147
35530 20 1.14017
31711 12 0.580292
10211 3 0.547129
10160 25 0.845034
15683 8 1.22866
8502 22 1.10241
37998 29 1.04317
9119 18 1.1461
23423 14 1.04694
21540 18 1.2131
9133 30 1.08794
640 26 1.41451
10532 18 1.05986
21914 10 0.525987
23153 16 1.07543
37270 19 0.92988
23975 25 0.749862
31251 18 1.24424
1476 4 1.31392
10528 9 1.41902
4182 28 1.209
36919 27 0.583576
6075 24 0.890346
19587 12 1.02934
37899 23 0.79948
28167 14 1.36315
1385 23 1.29929
36935 11 0.702879
13772 14 1.32629
20429 26 0.500863
5177 24 0.685783
4104 24 0.804883
35872 26 1.04656
10937 18 1.19198
32692 7 1.17717
37451 10 0.730938
32067 26 1.00343
11970 7 0.959548
20313 15 1.39939
14974 17 0.672325
19182 7 1.44195
7088 30 0.836109
22349 11 0.910966
39602 6 1.38125
33549 29 1.46146
33005 31 0.880702
15147 24 0.978724
10914 8 1.25826
37446 11 0.938252
6179 12 0.947942
26922 7 1.06967
2390 16 1.40319
39763 30 0.614832
23210 13 0.847765
38696 2 0.789009
7347 23 0.768489
30688 10 1.21258
39403 29 1.19256
31432 25 1.41555
21144 1 1.00027
7423 21 0.836467
7784 19 0.582339
8988 21 1.03048
36013 30 1.15055
38758 13 0.83772
12711 10 0.748399
29306 19 1.37053
27445 13 0.891013
4510 13 0.546975
32784 23 0.846854
14869 29 0.796144
173 25 0.529423
35790 5 0.572882
31341 8 1.46211
11046 18 1.26421
8932 22 1.06247
1589 27 1.13271
1155 0 1.42443
29364 3 1.40389
15720 19 0.579005
30888 27 0.633959
8701 13 0.869589
29489 12 1.2479
3184 18 0.502903
31606 0 0.787193
16860 16 1.32142
9098 7 0.873317
35244 18 0.7891
26600 27 0.500375
5507 28 1.47448
18398 6 1.46182
18831 28 0.659532
26328 19 1.23758
35373 12 1.09575
1368 26 0.624417
29883 29 1.39177
1136 14 0.727065
12083 28 0.645728
11784 29 1.43444
13156 0 0.883012
22023 22 0.685141
35033 15 1.0118
8576 28 1.39489
31033 17 0.500836
27746 12 0.872203
369 2 0.582398
35961 6 1.18444
23807 2 0.890413
1660 4 0.523152
18252 3 1.39265
38128 0 1.39365
20416 20 1.32896
35054 25 0.726472
23713 1 0.691852
28370 10 1.19555
18810 22 0.973024
10403 19 1.35123
10924 17 0.906565
13047 9 1.0607
8463 24 1.14805
21027 10 1.03946
24462 22 1.07764
32681 9 1.40876
15637 25 0.849706
37497 11 1.07763
37214 25 1.0375
10737 15 0.583037
17399 5 0.66912
20903 21 0.549547
5107 6 0.825764
36727 25 0.700713
34547 30 0.713866
9331 5 0.542655
5531 21 0.813404
21528 28 0.653347
19397 30 1.27787
10853 22 1.00915
4716 12 0.791571
10497 18 0.958599
1436 21 0.873855
18004 1 1.37174
35761 6 0.659092
25325 0 1.13226
594 31 1.00077
5539 3 1.43602
18001 3 0.797852
22930 0 1.12539
12183 6 1.23036
1031 16 1.21083
36519 26 1.25469
15895 0 1.10507
10490 13 1.15568
23356 10 1.16675
7784 20 1.39368
34005 1 1.14862
8190 23 1.02537
23244 0 0.885816
35690 16 0.796806
32179 1 0.607685
5347 3 0.897931
13204 5 0.866909
24302 8 0.622141
26272 3 0.939474
12617 7 1.00033
39830 16 0.725025
6218 7 1.10041
576 1 0.696412
16238 3 1.05956
33021 22 0.576637
2144 10 0.774258
13587 11 0.631123
1592 25 1.26461
4624 15 1.47592
35432 16 1.33012
27181 14 1.05047
17324 26 0.882759
18708 8 0.562199
3277 14 1.02105
11442 13 0.897419
32242 9 1.3932
7929 25 0.81412
30490 1 1.43681
16586 18 1.35232
25145 30 1.13247
26547 31 0.515036
12264 12 0.953391
35229 19 1.37738
17730 7 1.45608
28348 4 1.32186
30776 24 0.799945
29360 19 1.45731
19891 13 1.40702
23640 0 1.44895
37742 26 0.550467
38493 21 0.814182
16232 4 0.728714
30544 0 1.16028
37701 7 1.03451
24016 6 0.680202
27411 7 0.778089
18506 1 1.15851
10469 24 1.36711
27994 21 0.579517
27309 21 1.48576
29531 27 0.567175
3126 28 0.860062
31247 0 1.29536
17733 25 0.873821
33414 4 1.35941
25146 4 0.850634
14915 1 0.563718
5877 30 0.542759
28400 29 1.24698
39178 9 1.00954
25953 3 0.659332
36559 24 1.01697
27314 10 1.10963
30168 1 0.506679
33438 6 0.602003
3558 13 0.980977
1510 27 1.36326
30776 6 0.908619
38470 12 0.605057
19055 31 0.921001
32896 23 0.954474
22305 12 0.964971
9465 16 1.38844
38354 21 0.994414
16789 7 0.828802
34863 25 0.819861
15246 1 0.771633
8201 23 1.49553
31049 9 0.98995
22712 5 0.558629
39845 27 1.45842
10532 12 0.928234
12292 19 1.18759
9681 14 1.3445
8879 19 0.909938
30484 27 1.49863
6174 28 0.633001
19066 20 0.511645
16803 28 0.597351
35403 8 0.538086
25340 22 1.42754
10704 2 0.642053
31518 11 1.07988
22616 10 0.524184
19909 7 0.678642
11239 1 1.2641
17151 21 0.906091
12044 5 0.500557
36216 5 1.20479
12594 11 1.10022
1161 28 1.2163
33313 24 0.836791
18356 16 0.915292
32963 16 0.623084
1273 2 0.793202
1670 1 1.1431
37150 19 1.47653
32869 3 1.36228
11463 13 1.07248
2348 15 0.855138
12405 28 1.2397
10796 2 1.31371
8106 3 0.830478
26681 31 1.04256
20917 5 0.716314
8144 27 0.855308
3531 19 1.22793
28766 19 0.678106
20238 23 0.724005
2418 15 1.20624
7058 0 0.531056
24942 2 1.23167
32978 14 1.4321
14836 2 0.594108
28365 7 1.03643
898 18 1.47436
17998 22 1.15173
26907 11 0.909736
38974 24 0.633786
38439 12 1.27119
17406 4 0.77127
3461 10 0.768399
3117 5 1.10748
24631 1 0.74714
19815 5 0.619996
17235 19 0.843866
3197 21 0.561441
3534 19 0.818071
10051 5 0.53685
31207 3 0.842602
34426 15 0.646275
17706 22 1.00562
31185 9 1.02239
36558 19 1.47182
1054 11 1.2166
6359 16 0.711679
35867 31 1.2915
24020 28 1.30184
33408 4 1.26431
19582 31 0.778757
10676 30 0.698332
10953 4 0.9478
22100 17 0.913961
1544 7 0.742192
23763 1 0.844339
18359 11 0.5925
5641 4 0.79797
2072 14 1.11562
34765 15 1.37425
3818 11 1.19254
5050 28 0.532549
5488 28 0.730296
4566 19 1.11981
18715 10 0.99463
12872 25 1.08656
21263 8 1.21791
8933 17 0.599184
31995 5 0.647347
24085 1 0.662771
9743 0 0.803175
19161 28 1.3312
35014 12 0.994044
10445 22 0.636701
29061 16 0.604699
17737 15 0.500026
12475 28 1.28706
39409 5 0.745105
1689 27 1.32774
38032 29 1.49819
33638 8 0.968763
29254 2 1.21985
24881 23 0.810545
31624 21 1.18914
9390 13 1.13567
3011 11 1.24914
20601 28 1.37639
31299 30 0.762311
34230 21 0.660415
17958 21 1.25199
688 31 0.530445
1752 12 0.765954
2310 7 0.730008
28629 29 1.43361
35007 30 1.36361
39086 13 1.09412
16387 24 0.951797
20352 20 0.619722
21740 20 0.5337
33365 15 1.34387
27853 17 1.01605
19274 11 0.836115
16904 19 0.710653
7529 27 1.45174
6024 23 0.629405
12396 19 0.70944
500 29 1.42198
24008 27 1.4566
35351 8 1.44024
39463 0 0.545421
18963 13 1.15957
29474 12 0.574428
27815 3 0.674741
29790 28 1.05273
33939 14 1.37713
18189 31 1.3642
14438 0 0.730484
38612 30 1.20436
21320 25 0.613436
23866 27 1.49983
17680 26 1.46279
33598 20 1.46632
22974 24 1.16252
3928 31 1.43875
22386 11 0.650366
29354 10 1.19962
33655 3 1.42269
31233 18 1.35533
803 22 1.33307
29248 9 1.25787
37164 22 1.36255
38686 18 1.30922
16355 6 0.839181
23963 29 1.25559
14219 22 0.996172
2567 26 0.813386
12434 31 1.41989
39070 6 1.1591
1055 14 1.35414
17100 20 0.724491
9451 9 1.06305
3923 11 0.543271
39593 11 1.36922
13025 2 1.23719
34072 20 0.520881
16807 31 0.714589
33133 29 1.40236
24426 2 1.24621
16041 14 1.33508
7043 19 0.972422
14229 23 0.726155
7806 17 1.3007
30713 20 0.940136
33715 0 0.58197
29222 31 1.30047
37464 31 1.12407
30128 19 0.652014
32955 7 1.01956
20368 26 0.941568
21051 14 0.945472
19222 21 0.751667
3883 2 0.564328
37064 10 1.3683
3866 19 0.512339
39383 17 0.838674
10144 18 0.93333
24681 10 0.503065
3092 20 1.47249
16120 5 1.44879
2299 8 0.542897
27623 13 0.94427
38725 31 0.818344
9182 30 0.886027
11269 30 0.829049
26648 21 0.617195
1683 16 0.769902
23677 19 1.14057
20823 1 0.670314
5250 13 0.867221
9448 31 0.824535
37917 17 0.707609
16276 7 1.39131
31296 9 1.39244
6453 17 0.919134
32237 5 0.632986
13070 7 1.47689
32568 0 1.19419
39127 14 1.09119
35694 1 0.734422
39064 31 1.22769
26250 5 0.547563
9711 28 1.27605
36639 16 1.26539
25066 15 0.99319
16942 10 1.08003
26547 9 1.40568
35793 21 1.2094
8993 14 0.799086
27757 30 1.12219
21807 9 0.683192
16427 12 1.16709
18657 20 0.831774
39027 12 0.680809
4091 25 1.09889
35107 15 1.29371
37110 18 0.613415
38543 17 0.91025
29537 14 1.08166
37207 30 0.51769
18987 6 1.38401
37688 4 1.39918
3806 16 1.09546
39750 0 1.47282
23456 12 0.925843
14704 19 0.72982
17526 6 1.4291
10564 25 1.08803
29327 19 0.66543
4575 30 1.44234
24609 28 0.708212
14197 26 0.634078
34549 24 0.861519
21562 4 1.42519
10274 27 1.43168
28748 3 0.63878
8879 29 1.09992
15602 23 0.776588
12607 8 1.06464
24985 7 0.693712
27485 28 0.64357
19637 0 1.21432
2407 6 0.979037
16465 20 0.874543
1827 7 0.713857
16274 7 1.46025
32223 6 0.988135
37458 27 1.05904
22777 9 0.640311
23139 0 0.897762
17037 24 1.14304
12116 2 1.18267
16192 6 1.06359
9056 27 1.24355
20145 28 0.726411
20334 12 0.796126
31396 19 0.556253
9818 9 0.502277
25034 29 0.919772
21885 28 0.507497
39008 4 1.31895
16924 20 1.10717
4101 3 0.916985
2065 13 1.01513
31859 12 0.986389
27925 31 1.26856
730 9 1.44128
2176 10 1.31136
5195 13 0.748599
30973 6 0.524046
7277 14 1.19676
3085 2 1.34245
2854 22 1.34116
39466 9 0.624216
24016 0 0.950057
315 22 1.24814
32954 1 0.684078
1365 1 1.05314
33709 18 0.69444
18181 9 0.83559
34162 3 0.97253
12654 25 1.07278
8737 23 1.2731
37121 27 1.19606
72 31 0.8689
21571 9 0.904301
7516 26 0.741204
3165 24 1.02165
13944 18 0.961186
24404 15 0.740574
5796 22 0.69052
9932 1 1.23905
36540 22 0.530468
37370 29 1.46168
35212 8 1.19616
24240 3 0.920272
7554 24 1.09164
21157 21 0.7234
29888 24 0.514399
34603 10 1.29225
30512 6 1.18574
29993 22 1.25054
31515 26 1.16813
22763 11 1.41333
22356 5 0.983017
21401 19 0.878968
1306 14 0.903715
419 29 0.665836
19826 11 0.625208
30777 23 0.914524
13297 23 1.39099
19040 30 1.47346
33651 3 1.02244
36343 23 1.14808
39239 19 0.892712
26546 22 0.778741
11033 7 0.547575
35646 26 0.722227
10902 3 0.675756
32413 30 0.662619
14487 10 0.550865
36027 28 0.868482
24559 13 0.884087
3582 21 1.30376
18917 23 0.764079
10009 20 1.22952
13255 22 1.17799
5322 2 0.573851
27746 8 1.25785
12981 11 1.24153
36064 19 0.533246
2991 2 1.28214
19298 30 1.31929
24440 15 0.724371
13507 12 1.27167
17597 30 1.29422
8105 14 1.08756
20779 1 0.609394
20826 25 0.903087
1860 23 1.27345
4316 16 0.943097
18856 19 1.34621
24342 4 0.537041
26870 3 1.07508
15893 2 1.05082
32020 5 1.21533
23383 5 1.49318
12663 23 1.3943
26184 26 1.02006
5586 28 1.11788
158 28 0.589765
6524 23 0.972101
1475 7 1.46462
14247 13 1.39627
29506 21 1.37481
39007 13 1.47935
29658 17 1.05855
16910 11 0.941893
14901 18 1.39103
7199 12 1.34154
35153 20 0.798548
32609 4 1.47439
32907 22 0.998119
29358 26 1.08501
21827 23 0.989978
34095 1 1.21805
24443 13 0.781745
123 5 1.33624
35064 0 0.591358
21709 7 0.886615
23852 28 1.0068
8868 8 1.08726
35321 25 0.53693
21429 13 1.18228
25911 31 1.07568
14835 20 1.03833
7822 15 0.949558
9243 14 0.758125
30338 10 1.05412
9852 30 0.968486
37917 1 1.31481
23494 4 1.06361
4524 28 1.1404
31987 8 1.18614
2328 0 1.04029
26302 30 1.04829
32520 25 1.15717
23482 7 0.700484
36690 4 0.782951
29071 25 1.24737
6109 30 1.23227
24833 19 1.38979
6535 17 1.34921
36339 14 1.30538
10991 17 0.812301
18105 28 0.749665
15301 16 0.774996
27543 20 1.05298
13704 31 0.777332
7313 31 1.47938
8389 27 1.04772
6296 21 0.846161
10838 10 1.22765
20862 16 1.12499
32573 1 1.35254
2352 26 1.19438
37655 4 0.724095
19699 20 0.843699
24116 20 1.4188
4052 21 1.1057
21859 16 0.975787
14970 1 1.29623
38549 31 0.974061
30257 6 1.38611
16717 29 1.05007
33635 14 0.794313
16842 22 1.31947
28495 19 1.18994
6258 7 1.02404
11417 6 0.559376
19690 12 1.20481
30209 29 0.864992
25074 0 1.06627
18497 7 1.45993
35947 27 0.509382
3577 13 0.833436
23467 16 1.40738
35552 16 0.80274
70 8 0.727839
12583 14 0.653336
17215 3 0.708447
27348 9 0.546245
2263 28 0.575307
36482 29 1.36539
9999 25 1.22609
16283 7 1.1687
11486 29 1.13193
8318 22 1.35905
3266 21 0.626361
32697 8 1.4319
34203 23 1.24428
3769 25 1.34286
25486 11 1.10799
34439 8 0.772424
15594 15 1.0849
7017 16 1.04854
28393 5 1.33846
7574 19 0.643453
37679 3 1.14631
3916 11 1.37144
12344 11 1.38246
171 10 1.22878
33107 6 1.05297
37665 2 0.683728
38957 17 0.963437
26119 20 0.66291
14105 5 1.08584
34804 2 0.782129
13654 8 1.07121
17297 6 0.739401
16454 6 0.507626
3603 21 0.567561
1016 18 1.04221
24533 0 0.691314
31257 10 1.01881
11950 27 0.93828
18244 24 0.839365
23769 17 1.40175
15143 13 1.48923
19042 19 0.869746
37375 11 1.31634
3700 20 0.917972
13038 6 0.681528
9172 26 0.848999
32408 2 1.41948
31927 27 0.819876
5445 29 0.668758
1743 16 1.21089
22125 22 1.23008
32599 6 0.903572
19774 11 0.844871
3274 18 1.4749
24205 14 1.15366
25922 23 1.2965
28016 1 1.21715
9290 26 1.00304
6156 15 0.983854
27541 7 1.2965
2747 21 0.516303
592 2 0.734649
20111 29 1.38227
33931 20 0.908712
11481 1 0.720267
26463 13 0.68359
8517 21 1.19026
20458 26 1.16889
26658 1 0.666374
28481 11 1.28109
34170 16 0.604091
13368 19 1.17688
13190 10 0.844283
38093 3 1.22401
34650 28 0.521006
32576 5 1.02092
10226 27 1.20048
37766 31 0.931348
37205 9 1.34305
4124 29 0.531449
32928 29 1.2675
38300 6 1.44451
5800 23 0.998189
14436 9 1.1715
8827 25 1.33678
2217 17 1.40664
27088 29 0.61767
16896 31 0.724788
37678 8 0.529725
21173 8 1.23832
979 26 1.29702
37347 22 1.41922
16668 7 0.841161
30986 10 0.889825
1210 11 1.4959
29792 25 0.903413
37663 5 0.73824
2338 0 0.635463
37291 22 1.44477
29551 14 1.35452
5747 10 0.805234
30681 20 1.00869
11231 3 1.07076
25861 0 1.35687
11885 13 0.595677
30678 9 1.04117
36352 27 0.566124
17056 6 0.601643
39617 20 1.05755
19857 26 1.44583
37858 30 0.512456
24627 13 1.11453
15980 31 0.61073
19642 3 0.697849
38294 6 0.782098
26895 11 1.47048
7026 30 1.1223
15788 12 0.725998
10336 23 0.897568
38524 13 0.692011
13891 4 0.910006
32630 12 0.831934
4051 19 1.36286
14140 2 0.798117
22407 29 0.900055
25150 25 1.01245
30500 31 1.01548
19084 19 0.816897
35617 16 1.14706
34491 8 1.19312
17850 3 1.1232
34469 0 0.910609
1857 24 1.17584
7357 23 0.738332
1067 0 0.950631
33558 16 0.920948
21007 5 1.0731
33400 8 0.962601
6465 23 0.998129
6779 20 0.513402
29189 16 1.02824
18300 26 1.3493
2728 13 0.777754
29557 19 0.648107
15771 5 0.844531
4944 25 0.725407
21415 24 1.02115
3940 2 1.46342
13727 20 0.671182
7780 20 1.46037
24148 3 0.757038
9932 30 0.658915
29226 11 1.01288
19586 21 1.23861
34508 7 1.30381
31321 4 0.612222
13779 2 0.718219
26499 23 1.24154
5693 6 0.559409
10964 6 1.36671
6592 16 0.80535
24362 17 0.781279
27855 25 0.675571
1180 17 1.37673
3087 29 1.33545
23046 2 0.663968
8443 25 1.41102
14208 12 0.801672
15858 28 1.37793
32883 27 1.44383
21887 4 1.3398
32841 28 1.38982
32950 28 1.01969
28293 0 0.637941
39819 31 0.844112
6374 26 0.960924
24056 2 1.16324
10432 5 1.44014
18645 26 1.06619
26245 0 0.766099
12293 19 1.26278
36071 11 1.0412
5894 16 1.29219
13044 13 1.42933
628 5 0.594971
11402 10 0.734397
5885 31 0.652136
10310 1 0.742138
7258 14 1.46854
21054 19 0.670759
9844 1 0.580315
9612 16 0.883983
24806 8 1.25093
8379 6 1.24454
26583 27 0.950091
18583 7 0.649541
4513 18 1.28236
16588 3 1.22793
33055 6 0.722274
38466 29 1.32506
8039 14 1.43907
25646 29 1.13056
7855 21 1.20981
39401 25 1.43838
9864 2 1.48724
27191 2 1.3723
25031 26 1.20803
68 4 1.04333
17990 0 0.917197
36010 5 0.581117
16512 15 1.00029
4170 25 1.4086
38351 16 1.07498
19170 28 0.932885
39827 14 0.613494
32656 18 0.955535
16446 3 0.928971
9059 14 0.577348
30764 24 1.01765
33949 13 0.608405
16233 20 1.19229
7337 17 0.60819
6534 9 1.1153
22763 15 1.08242
10029 26 0.847705
8838 29 1.04118
28465 21 0.575378
26730 13 1.01637
25617 8 1.02846
19719 20 1.23827
416 5 1.13979
16371 0 1.40372
29110 4 1.40275
18421 19 1.32343
4494 8 1.17792
27241 25 1.26654
11523 29 1.16521
7683 31 0.990411
16940 28 1.0463
11008 2 0.748863
32186 11 1.04586
29591 6 1.38532
38741 20 0.566756
6648 14 1.14541
34879 9 0.70853
21753 12 1.2799
7394 9 0.717877
30430 20 1.1631
35122 8 0.926505
34019 29 0.654159
27133 6 0.509881
39299 12 1.49461
6191 9 1.15859
19034 22 0.524309
30854 17 0.782998
25194 16 0.588952
22796 21 1.18165
6844 26 1.14917
28632 3 1.49019
764 31 1.077
15558 14 0.768001
369 17 1.12709
20561 10 0.635295
32595 7 1.4416
32981 11 1.42621
20566 5 0.554579
507 24 1.19031
12068 17 1.45592
6548 17 1.02348
564 4 1.09692
5384 6 0.871889
7654 1 1.18248
12052 8 1.36969
14758 21 0.721905
29990 19 1.29288
13702 2 0.884586
33857 21 1.33987
36197 25 0.727391
27132 7 0.526491
35726 15 1.12727
4914 12 1.02897
3679 12 1.36406
10691 20 1.00517
32446 22 0.615037
15931 31 0.755668
38554 17 1.1051
22287 14 1.06937
6595 9 0.721338
28388 17 0.721416
20254 19 1.30301
22169 17 1.38167
14082 8 0.664164
3065 15 1.15801
20648 0 0.548403
35710 1 0.584453
27679 25 1.42295
19705 10 1.20919
13673 2 0.552359
38788 26 0.732689
34480 27 0.599269
28587 30 0.9904
15062 18 0.738086
10972 1 1.31674
38795 18 0.550807
33306 24 1.49032
32671 10 1.38635
14206 16 1.04738
22047 3 0.851524
30486 8 0.646686
20269 14 1.37271
1205 23 1.25262
14547 16 0.813205
26465 2 1.18558
2421 17 0.914476
20926 28 1.14076
25901 25 0.776689
724 0 0.77516
37163 4 1.06734
26477 14 0.894444
1629 30 0.9244
33781 14 1.06163
28421 24 0.515018
36992 29 1.26012
17878 13 0.592928
15035 22 0.793834
33595 25 0.966708
7671 7 1.38249
18167 8 0.846118
16453 2 0.951498
3049 11 1.0005
29204 24 1.2153
24855 0 0.850858
13462 5 1.13074
25992 24 1.37391
21546 5 0.555219
12638 26 0.719202
29094 25 0.591387
16431 12 1.15447
9333 8 1.2395
35743 20 0.939861
34952 21 1.06954
39788 31 1.28312
33594 16 0.506015
35784 23 0.88069
36393 15 1.13497
5002 24 1.25997
28709 16 0.645263
13931 21 0.747911
33728 9 0.534923
14894 15 1.36763
22919 28 1.15511
7195 10 1.44384
35794 14 0.754222
25169 11 0.571126
15798 24 0.711503
12220 5 1.15722
31553 17 0.817309
22571 25 0.761634
979 3 1.0908
33360 2 1.16566
39035 14 0.946127
18811 8 0.92645
30919 30 0.655195
13182 23 1.05913
24417 29 0.587016
15232 15 1.45383
304 28 0.824821
8970 27 0.780699
35139 1 0.72568
7426 18 1.3986
9470 8 0.692482
30761 18 1.33877
32366 8 1.07634
14565 0 0.783069
25698 15 0.730713
14404 20 0.931059
38949 13 0.963192
4005 11 0.682161
35165 5 1.21716
35774 17 0.809095
7449 18 1.03055
34616 31 1.21815
39959 28 1.46403
33205 16 0.988613
35299 31 1.49269
25926 7 1.49619
17524 0 0.781239
11415 23 0.75119
22805 11 0.667517
37537 3 0.864043
37652 3 1.29878
38465 13 0.942705
8557 2 0.711032
16438 12 0.687018
25742 9 1.28076
37444 25 1.16327
22056 11 0.933885
14007 20 1.1048
22968 19 0.528581
32137 12 1.20009
12695 10 0.826043
12095 15 1.06179
32567 6 0.964337
18515 27 0.835698
6278 8 0.788837
7724 11 1.29181
37005 23 1.00487
23185 11 0.773113
36084 0 0.598672
8159 16 1.14974
37710 4 1.0378
5168 1 1.06322
29755 16 0.784584
26214 15 0.561565
20225 19 0.725243
14418 9 0.604932
16275 6 1.09852
31365 7 1.07994
7139 2 1.38405
29439 2 0.652475
29621 17 0.898259
496 21 1.42855
3347 21 1.02624
18854 28 1.48947
743 8 0.534165
22915 30 1.42993
12722 7 0.989207
15635 16 0.767746
29434 22 0.933224
3382 17 0.913048
27359 29 1.24011
35080 28 1.47098
38233 0 0.792568
17003 17 1.01023
22581 24 0.660077
8848 15 0.70586
23304 6 0.918563
1765 14 0.747197
19358 1 0.579711
26895 8 0.910766
18695 13 1.15252
32173 9 1.41659
29400 29 0.812854
36474 15 0.963051
38497 23 0.947456
29951 3 1.33531
12193 30 0.87582
18264 27 1.44849
37769 22 0.594342
24748 10 0.870531
211 14 1.06159
17320 23 1.47507
22204 15 0.847068
4554 29 0.830323
21949 4 1.08724
1575 31 0.837763
20654 7 1.17484
33222 14 0.805039
28625 28 1.34023
36935 0 0.941066
10653 13 1.07768
32938 29 0.672017
22896 16 0.695101
30845 3 0.603605
9250 28 1.1657
6060 19 1.4988
26777 9 0.59974
33360 0 0.888692
437 18 1.15488
21981 19 0.739789
36922 29 0.90901
31432 20 1.25417
27349 4 1.05795
19750 31 0.994299
17177 6 1.1639
7305 8 1.15216
12144 10 0.9065
22671 8 0.714391
35647 24 0.707151
17914 21 1.3567
20798 19 1.08686
6321 12 0.680173
11146 30 1.20691
5816 3 0.567223
893 9 1.08317
5652 2 0.945221
12286 16 1.26319
32902 12 0.903887
4491 27 1.29189
33769 16 0.987853
2452 0 0.702619
34530 11 0.898296
14502 6 0.863509
34172 1 1.25215
27961 16 1.34288
30053 15 1.01891
33988 28 1.374
19948 22 1.07357
36751 0 1.12278
4692 14 1.03153
32792 9 0.560266
36453 31 0.840199
33235 3 1.05153
9710 24 0.58812
8416 24 1.06528
15854 13 0.858213
31812 14 0.629689
28605 13 1.14384
19489 4 1.13181
38684 9 0.732399
16220 13 1.32822
451 16 0.556988
8615 9 1.3331
28552 13 0.715923
24424 12 1.43992
23664 23 1.4675
20709 19 0.698228
12520 18 1.30617
21182 14 0.767633
36958 15 0.648658
11507 1 0.568484
35985 14 1.1898
36920 28 1.04392
7236 23 0.533775
23881 24 1.33425
333 10 0.558924
23248 27 0.7017
33145 25 1.03462
11774 6 0.599037
1918 11 0.571976
34488 19 1.49517
34045 15 0.834215
21851 4 0.896062
9086 1 1.40781
34780 10 0.925699
35885 16 1.49821
6632 19 1.1218
24793 26 1.48954
28574 20 1.43896
28314 12 0.945984
11002 13 1.0499
26144 17 1.23364
27535 28 1.16821
31804 24 1.35229
38972 8 1.25366
22986 0 0.891727
37235 26 0.61191
21615 17 1.11396
31455 19 0.60872
17389 26 1.37018
24462 10 0.753946
13155 8 0.777558
16868 31 0.875195
2549 6 0.699371
26905 24 1.409
33357 20 1.37611
24264 18 1.2996
18793 11 0.530266
14331 2 0.65386
29856 10 0.705185
14072 27 0.878517
30477 24 0.692152
25703 24 0.961682
9937 17 1.30056
17383 26 1.22098
7774 30 1.40041
9353 26 1.45843
4192 14 1.44394
35186 18 1.25342
38424 23 1.02979
1641 8 0.687462
8165 7 1.05277
26203 24 1.30957
11443 9 0.765944
28017 3 1.23425
6788 23 1.05467
26830 5 1.0125
12890 26 1.45223
6519 26 0.750382
13075 8 0.618798
24095 29 1.48862
36919 4 1.12999
12974 26 1.47107
7227 14 1.09553
36316 17 1.23089
4017 27 0.94987
21703 19 1.3729
8931 2 0.951293
27930 15 1.11027
28429 13 1.31102
14625 26 0.722788
34080 9 0.649119
39464 9 1.08652
4225 0 0.65222
33185 26 1.07823
433 24 1.18986
13008 30 0.732603
38809 0 1.44991
37922 24 0.71494
38595 23 1.32745
6376 6 0.715889
33922 17 1.4367
8395 22 0.957589
12143 20 0.769695
30938 31 0.56586
29030 14 1.33579
15285 6 1.43237
26985 3 1.14283
19904 17 0.948059
33342 17 0.792198
33310 5 0.922367
25425 19 0.922712
35333 7 0.57258
18201 29 1.00091
18595 8 1.13912
37077 7 0.725116
37193 21 1.05582
30971 24 0.731499
31354 9 1.16694
39542 11 0.712049
23876 1 1.13801
39431 28 0.949097
12428 25 1.44787
38623 12 1.21876
18697 7 1.28724
20094 22 0.59907
22106 29 1.02146
4361 7 0.640862
30368 8 1.07996
14631 24 1.36907
37958 13 1.45265
1188 19 1.19949
21827 27 1.05336
3144 2 0.771914
24095 11 0.755837
38335 20 0.531526
26838 24 1.48433
21275 24 1.11635
775 20 0.972283
29508 7 1.35146
23203 17 0.655197
1547 22 1.37509
24442 2 0.935561
10398 24 0.951012
22653 29 0.518177
9580 20 1.22152
15228 27 1.39456
30154 6 1.4936
17396 28 0.570072
35816 6 1.41079
9506 19 1.1413
8565 14 1.18255
10715 20 1.39051
20513 16 1.03697
13350 4 1.31038
39498 19 1.41603
24031 19 1.43116
19997 4 1.4485
26892 1 1.18373
39587 18 0.925421
36972 0 1.36653
31812 31 0.642073
4850 8 1.29636
37394 21 0.503077
4883 4 1.23579
25690 28 0.979039
34445 26 0.822057
18608 10 0.814963
5334 25 0.668603
5323 20 1.08273
955 19 0.997109
36302 29 0.718919
34469 31 0.839307
18731 14 0.754252
9752 29 0.965366
2809 8 0.767277
25173 19 1.15158
19711 18 1.19277
4326 26 0.765521
24097 18 0.993439
33773 1 0.966552
18341 2 0.660422
15449 3 0.956253
22380 16 0.919654
25654 10 0.596346
33324 0 0.665024
24402 22 0.539521
5362 20 0.906971
37955 30 0.897393
24931 2 0.657759
15640 26 0.738295
18539 26 0.727965
17668 27 1.09499
256 14 0.949021
17867 24 0.961755
14522 19 1.35492
9676 4 1.1575
5187 10 1.08223
28321 21 1.38604
16875 19 0.549735
14526 2 1.09834
8816 19 0.853299
23541 19 0.688836
8770 3 0.98953
34199 20 0.682644
28562 8 0.678368
3744 16 1.05036
2087 8 0.625602
1504 3 0.839545
7646 3 0.841245
30500 25 1.00311
18846 24 0.891736
29122 17 0.860169
20263 12 0.651576
2706 24 0.915798
37690 10 1.38755
2882 9 1.25004
11154 8 0.531205
27965 16 0.6212
31823 30 0.753371
6320 22 1.23269
8516 9 0.831746
20112 17 1.38888
38010 18 0.775347
3403 6 0.996733
23709 11 1.41803
17311 1 1.34296
9802 0 1.23106
14531 21 1.36337
9572 27 1.25802
38968 0 1.39726
26584 10 1.23734
2592 11 0.914316
9518 27 0.607639
1643 26 0.793252
4610 1 1.18862
8471 17 0.966345
20560 31 1.18185
11428 18 0.611856
15551 22 1.45833
29548 16 0.698169
38775 10 1.46185
31536 19 1.4029
4089 10 0.908066
16612 10 1.45481
35875 2 0.776198
31864 7 0.604293
36628 15 0.997387
36626 2 1.45497
6576 11 0.904937
17166 13 1.45453
10085 0 1.05507
31268 28 0.929408
16282 1 0.668284
11961 25 0.775766
36755 16 0.516905
13453 25 0.578982
33187 7 1.40436
35121 4 0.989122
3271 1 0.773946
20555 3 1.45458
13843 10 0.889528
36080 1 0.561328
33166 17 1.47341
9164 30 0.658231
13055 30 0.76868
23075 30 1.14622
31766 13 0.968779
23771 18 0.836695
26203 8 1.35424
10186 7 0.758838
3124 13 1.37882
24674 13 0.665715
28905 5 1.08914
1172 8 1.17527
37375 19 0.595431
9111 30 1.4878
11916 17 0.595151
26071 12 0.658704
30548 12 1.33996
18089 5 1.35944
35419 24 1.25026
5383 4 1.23277
24295 15 0.591878
17217 25 0.616295
23194 15 0.742817
7197 6 0.668366
18785 10 1.39706
3246 31 0.781045
36412 28 1.13907
22028 31 1.28614
11492 2 1.30647
14419 30 1.22187
4400 21 1.31859
38901 5 1.44777
32485 29 0.984274
9332 9 1.04304
35231 22 0.678995
32899 15 0.936564
5326 7 1.04475
11994 23 0.78814
15926 16 0.634052
13029 17 0.727928
349 22 1.23243
16763 12 1.21199
3055 22 1.31517
13659 13 0.992036
8603 4 1.40292
30616 4 0.872141
36037 5 0.95099
25629 28 1.14129
12278 8 1.44568
2051 19 0.712933
37797 26 0.754591
6159 26 0.832559
2768 14 0.695223
22897 31 1.08954
333 11 0.59493
4240 2 0.714207
29273 22 1.37403
28851 16 1.37604
19967 30 0.519136
29234 24 0.945664
22148 1 1.12863
21206 8 0.596313
38676 19 1.47655
14723 7 1.39388
26941 8 1.45968
18093 12 0.841735
23956 27 0.998566
32439 18 1.01189
13284 13 0.639956
23834 25 0.552693
3502 27 1.25986
38546 28 0.635615
33018 19 0.799975
16074 31 0.868331
5422 6 0.545287
32359 8 1.34341
7174 22 0.671648
4530 20 1.24539
38345 9 1.15296
12612 26 0.615104
25000 10 0.785029
38948 22 0.846343
27241 8 0.930184
8605 14 0.661767
19109 18 0.744441
7805 26 0.559793
25700 21 0.838111
23457 26 0.956992
35976 7 0.503088
3923 7 1.39089
7926 2 0.641777
35947 1 1.15227
7265 20 1.23383
5852 30 0.782085
5556 5 0.749362
7111 15 0.835289
8552 28 0.521648
23075 19 1.22439
10420 27 1.4503
28785 12 1.29524
29827 4 1.01836
37169 1 1.19765
1093 1 1.33919
20151 8 0.913491
25350 14 1.30797
36000 28 1.42383
37859 1 0.640937
11227 10 1.0918
33461 30 0.923188
32850 26 0.738879
26773 6 1.36262
18922 5 0.516096
26168 11 1.36659
22000 9 0.538666
11816 27 0.763921
24849 28 0.68763
1666 10 0.833156
21940 28 1.11075
14840 5 0.850702
39862 27 1.21128
29929 19 0.59874
9661 12 0.726332
7042 6 1.32784
21145 28 1.4105
12518 8 1.01159
36941 20 0.75098
8926 28 1.27446
7453 15 0.741045
34547 2 1.26949
14700 2 0.503168
30436 23 1.16602
4484 13 1.09086
20139 15 0.504509
2986 24 0.581405
29189 1 0.677596
24703 5 1.49692
17059 0 0.522023
12018 11 0.700822
9458 30 0.950434
27260 19 1.15911
28173 10 1.26301
38162 20 1.13467
9222 10 0.748965
8223 1 0.613969
3867 11 0.736981
22439 31 0.858221
4668 6 0.791354
8109 26 0.559976
1199 10 1.2597
33975 0 1.34034
19376 11 1.16319
22861 3 0.684026
26006 6 1.48469
15038 27 0.611374
18321 12 1.43763
12300 8 1.11464
32744 27 1.28815
37356 25 1.39849
24221 31 1.01945
32855 5 1.04526
21391 10 1.47935
34979 16 0.747154
2867 8 1.16345
28882 17 1.21629
33959 12 0.576252
28536 20 0.822371
9692 19 0.953278
4825 31 1.06437
4091 9 0.542462
19717 15 1.41129
15067 1 1.34719
35715 23 1.02789
10579 22 1.38271
13826 31 0.809017
30506 17 0.776626
14564 2 0.632015
10683 19 0.58928
26546 31 1.00277
18797 22 1.11755
8874 17 1.4224
34439 4 1.07775
17800 28 0.826835
13920 19 1.44236
15194 9 1.45924
29675 30 1.13646
33689 10 0.839973
16092 27 1.10258
9352 14 1.47937
2697 15 0.786084
9376 5 1.17651
29277 4 1.05951
18519 5 0.667519
32178 13 1.37277
38266 28 0.96435
8565 8 1.0472
18512 24 1.45699
26996 19 0.957607
32941 17 0.561612
32288 30 1.02801
19260 16 0.584122
14385 7 0.764892
8187 8 0.934473
37513 17 0.628958
28665 6 0.824732
31759 7 0.578284
28500 25 1.17964
34289 25 1.42424
38826 9 0.917218
33285 22 0.907595
9625 10 0.903393
14146 18 1.1955
26390 17 0.916551
4190 14 1.00266
815 26 0.55342
18804 22 1.21259
18293 17 0.958394
24199 21 0.738107
18012 28 1.03741
24430 14 0.885228
600 14 0.947807
19250 25 0.671436
27558 27 0.74795
27214 18 1.39126
33485 14 0.802751
25338 3 1.11456
38896 10 1.13372
31393 4 0.822595
23467 21 1.43831
16771 13 0.821845
17022 10 0.735388
34170 28 1.21839
30306 22 1.29887
21559 28 1.11211
23060 8 1.47875
945 4 0.65724
698 17 0.937401
6140 30 0.727774
7799 23 0.740308
26928 15 1.4125
23880 19 0.785421
21770 7 0.830039
3832 17 0.871615
208 16 1.3017
3572 19 0.800888
6184 19 1.26459
14733 25 1.20536
12963 19 1.4881
24565 0 0.676475
31562 1 1.1559
19409 0 0.888248
30753 0 1.36774
38622 20 1.35308
26200 28 0.73492
14460 3 1.15819
10308 17 0.538598
16765 8 1.36733
39176 16 1.0903
30348 0 0.638576
1943 31 0.828794
23717 21 0.802247
38748 24 0.991471
18844 27 0.947799
5301 29 0.903265
12242 7 0.789883
26955 24 0.954594
6317 24 0.846185
10063 16 0.765571
23461 4 1.41209
2850 24 0.767488
39127 28 0.812066
20301 7 0.689907
14293 1 0.964305
27063 21 0.943827
2556 29 1.04404
4401 6 0.590095
27186 28 0.721873
13321 14 1.42937
10896 22 0.742053
39264 12 0.832013
7637 28 1.22085
9514 23 1.09994
3881 10 0.573376
18759 23 0.934752
30101 15 0.607258
21537 22 1.24728
9148 27 1.34036
25673 14 0.767278
1176 26 1.42713
20010 4 0.532401
5935 22 1.15236
18141 11 1.40487
8058 27 0.980628
39487 4 0.963418
30588 19 0.964916
6230 13 0.565614
32324 27 0.77311
30458 29 1.08842
6906 8 0.565686
16266 21 1.05133
28830 2 1.10454
34562 11 0.707996
35324 31 0.509647
26740 9 0.66787
22028 1 1.02854
25058 29 0.791593
13381 22 0.908982
25229 13 0.659587
2294 26 1.42762
30871 11 0.630121
3549 22 1.31296
2953 7 1.20507
34301 4 0.772725
12755 11 1.40376
9879 1 0.6053
20667 18 0.84965
39553 13 0.559796
6487 30 1.31704
34779 18 1.18587
7527 16 1.42756
27087 26 0.562808
36971 18 0.693849
35641 12 1.25071
29101 10 1.41074
34235 30 1.01437
2663 22 1.1189
15705 25 0.889306
10332 14 0.901968
25978 26 0.698819
37661 25 0.794945
34060 13 0.651885
21528 19 0.932259
29803 7 0.590315
1001 26 0.639717
25451 14 1.38044
7492 27 1.42682
28843 14 1.44557
38306 15 0.991297
27291 26 0.512556
8945 1 0.614977
30520 20 0.925044
29630 5 0.775509
29470 17 1.08606
12864 25 0.87993
13636 4 1.0693
31652 9 1.28975
5576 28 0.82849
28812 28 1.35593
1914 8 1.04945
8913 19 1.24217
20147 13 1.06605
26612 24 1.12502
20841 11 0.817647
29986 12 0.890977
21892 25 1.47559
1487 24 0.779358
1080 28 0.874266
14160 0 1.1032
9940 13 1.05356
37101 6 0.63159
5069 18 1.24044
16495 31 1.15404
36559 10 0.797553
35897 6 1.2017
10342 14 1.07371
16921 0 0.966437
36575 20 1.21025
18044 23 0.954838
24532 17 0.96721
13571 31 1.07977
4471 1 1.20681
3908 29 0.547835
21274 13 1.15053
2054 15 0.856967
37414 30 1.2024
6027 5 0.929607
22185 1 0.903755
30612 20 0.917047
24304 15 0.757321
25529 30 0.552489
22427 15 0.968061
31473 9 1.14611
36120 18 1.05466
26965 4 1.11606
37903 1 0.571289
3868 12 0.672227
17607 31 1.25341
27391 30 1.45331
2009 1 1.02031
22731 16 1.04874
6754 28 1.37937
26950 12 0.935133
29136 20 0.62484
39135 1 1.36891
26309 3 0.631357
1683 31 0.702001
6768 26 0.940265
34857 5 1.12345
17949 30 0.825069
6508 30 1.31716
23585 3 1.20209
3270 15 1.05742
10192 4 1.24694
1894 28 0.75853
16390 11 1.47294
25237 1 0.619524
21430 27 0.535772
22205 14 1.26714
14742 22 1.47384
31146 0 0.963629
39459 14 0.53713
3624 24 0.759366
17275 5 1.16706
4842 19 0.658613
32350 20 1.25664
35059 4 1.22468
6623 22 1.08817
22496 12 1.4082
11683 4 0.610281
2646 2 1.44202
26283 23 1.32094
26873 4 0.691111
15470 8 0.574405
35435 2 0.513692
2887 12 0.762621
2472 12 1.45633
11893 1 1.35499
3761 24 0.808235
22546 19 1.20241
32994 14 1.32307
20760 21 0.980671
15406 12 0.895222
18772 9 0.687888
9218 16 0.585917
34220 18 0.904422
12822 31 1.27088
6916 3 1.03385
10234 9 0.983909
15235 26 1.33283
18198 9 1.30721
36072 23 0.808857
4841 2 1.02906
17920 21 0.684695
29389 3 0.817808
15947 2 1.40759
21546 29 1.30633
24429 6 1.16034
36714 5 1.41382
8437 21 0.708294
12523 17 0.677749
17739 27 1.26531
10069 3 1.22731
5755 17 0.845811
33701 8 0.845142
3781 10 0.770276
34629 17 1.18555
10619 13 1.21523
19091 23 0.830642
37143 4 0.944791
14579 1 0.591777
16835 8 0.789994
30203 16 1.11291
24213 20 1.32836
5099 0 0.760982
36424 5 0.958244
8286 28 1.29202
20261 8 1.05829
37691 9 1.3868
14375 14 1.31342
12522 23 0.663331
26235 12 0.704183
790 28 1.41399
31659 1 1.03816
16110 18 0.591296
15290 12 0.524711
22207 30 0.727663
17649 2 1.29083
23948 13 1.03812
36451 4 0.850714
9079 13 0.735992
5507 13 1.41475
31751 4 1.26563
4158 8 0.824574
7907 11 0.742625
5576 16 1.04296
5841 17 1.10995
6387 7 1.49845
2709 12 0.962903
10039 19 0.570624
13928 30 1.40301
10923 25 1.31404
20784 10 0.928446
21171 1 0.75798
13751 14 1.04107
22148 0 1.40306
14824 28 0.707902
22898 1 0.923495
20734 7 0.877398
22802 29 0.849486
20731 26 1.33962
13385 13 0.638991
21696 7 1.31119
9405 14 1.28078
18532 15 1.32788
36222 3 0.713784
20116 6 0.672965
14825 9 0.708624
3938 0 0.758412
25501 7 0.531614
27359 8 1.21294
31966 18 0.592123
38937 10 1.03338
16667 28 1.22178
8291 7 0.640202
21958 2 0.511756
27052 11 1.4985
35529 9 0.992211
1741 26 0.847629
752 27 1.19581
11300 17 1.02669
1516 1 0.828746
7325 13 1.31368
38498 31 0.582999
18629 21 0.661226
15957 28 1.33963
14201 13 1.2216
24720 26 1.23623
29056 8 0.899015
1440 20 0.698334
10837 20 0.744409
29917 19 1.22879
24469 27 1.23399
357 24 0.743032
21331 21 0.582246
39606 19 1.07856
28028 16 0.500364
2 31 0.912223
4067 23 0.76439
4213 7 1.20011
2224 19 0.661546
13764 14 0.832105
36520 7 0.923526
4643 30 1.36723
8246 24 1.36128
9721 15 0.667336
25425 9 0.715753
13547 26 0.568463
16181 18 1.39738
19723 15 0.921236
31776 15 0.864757
32663 11 1.30921
18161 17 0.828878
38041 23 0.730138
34890 9 0.657672
27199 16 1.05366
24937 22 0.521465
32275 23 1.33067
30976 25 1.17528
15587 11 0.600901
32293 22 0.973089
24092 13 1.24665
33197 8 0.873817
31630 5 1.01025
6202 15 0.697198
6860 30 1.29871
20588 9 1.38912
12873 10 1.37002
37307 7 0.60601
4853 30 1.24737
18174 19 0.640225
37905 0 0.909936
19134 9 0.788191
8777 26 0.834721
373 17 1.09322
29563 22 0.864363
6090 30 1.16208
35158 2 1.38294
28627 27 1.19264
9970 23 0.582636
35078 16 1.22131
32141 5 1.26706
31803 26 1.26224
34623 15 0.575476
32454 9 1.3573
6717 12 1.48362
38595 17 1.18655
33067 0 1.12674
4968 11 0.558446
4046 10 1.44424
21559 26 0.682309
24972 26 1.16943
19801 24 1.28784
18394 4 0.504518
23183 23 0.617759
5616 6 1.02662
1355 24 0.587404
13244 5 0.948467
9234 26 1.37761
11184 3 0.606858
20868 16 1.17819
13608 23 0.736221
18068 3 1.11905
38730 6 0.766453
2663 13 1.11076
1072 30 0.970524
12438 30 0.644625
14653 6 0.830558
25869 14 0.531862
20394 2 1.21713
8935 2 0.672547
20722 10 0.877857
18143 28 1.41408
4103 6 1.45103
29257 14 1.49282
3909 19 1.15135
17605 23 1.42359
24711 4 1.15248
11879 14 0.687019
23976 1 1.01148
24779 17 1.00788
39212 5 1.43945
22247 6 1.36678
19564 14 0.917882
37704 8 0.724704
36193 29 0.881464
18780 17 1.15656
26568 11 0.582813
20093 14 1.42326
15173 3 1.11126
26323 0 1.47324
21000 24 1.22782
11599 30 0.835483
7710 23 0.56465
28493 4 0.85559
18257 0 0.540342
34153 15 0.870423
10281 8 1.47986
10604 3 1.19727
39588 9 0.79203
20594 2 1.44885
12702 8 0.754585
15086 8 0.510153
410 30 1.28689
1633 30 0.590782
15442 15 1.16277
31786 29 1.07024
24919 18 1.49559
32787 18 0.875824
31376 20 1.47735
2359 26 0.54541
39528 12 0.864553
19465 28 1.388
21050 7 1.21138
18688 8 0.549748
2661 10 1.39735
24790 0 1.36886
10036 3 0.709153
2840 4 0.847795
25853 18 1.14108
30485 11 0.949826
26491 7 1.29941
4216 31 0.573458
9963 2 1.48968
30002 27 1.47605
28249 6 1.2831
26149 24 1.20026
3440 8 1.06024
5042 8 0.701094
17385 16 0.728714
12975 0 1.33515
38569 15 0.805132
7420 5 1.10293
2291 31 0.871582
20086 25 0.547448
32602 6 0.731229
9105 8 0.687197
7085 13 1.08436
38235 15 0.741713
24907 5 0.929083
26102 3 0.58943
23096 14 0.791695
10480 29 0.592228
20114 3 0.63284
8560 28 0.527181
25563 7 1.29211
32446 23 0.910945
34715 15 1.07255
15104 12 0.712711
34739 0 1.10512
3137 1 0.767995
26300 19 0.879048
26357 2 1.43939
22456 11 1.17098
9158 19 1.04044
34910 22 1.03075
31844 12 1.25224
31771 1 0.839859
6925 13 1.14905
7645 11 0.685937
39507 6 0.696694
4047 23 1.18264
19948 1 0.502836
38768 8 0.84477
31433 17 0.562545
1332 17 1.44711
6324 25 0.508392
36989 15 0.989742
17933 26 1.22915
10152 12 1.23477
12411 3 0.632426
12592 11 1.1849
8527 18 0.724097
35001 22 1.29335
26796 28 0.960598
28669 10 0.501749
927 22 1.31648
31937 8 0.695615
26258 24 0.724663
33315 3 0.542622
3155 20 1.28658
29904 11 1.00033
21972 1 0.664626
28943 0 1.24332
9746 24 0.507027
18987 18 0.548962
25628 20 0.903569
26765 20 0.627737
14797 30 0.948921
27388 17 1.07946
21785 2 1.25565
21010 8 0.820046
4750 25 1.49415
361 31 0.561748
21093 13 1.4878
31193 6 0.979655
8750 29 1.1552
14203 1 1.25154
29980 1 0.512108
22582 29 0.966403
35693 18 0.651855
31741 17 1.08037
39571 27 1.30589
12430 14 0.968578
37318 6 1.27263
31676 21 0.906916
31446 22 1.14407
2557 6 0.814769
35674 1 1.18652
22527 8 1.28337
24670 29 0.540641
5933 10 0.73705
22508 12 0.906292
33368 15 0.577045
14256 3 1.05807
3345 27 0.646621
18771 9 1.31914
30504 11 0.734657
37457 29 1.1962
6810 16 1.09026
19645 23 0.701203
29095 18 0.694317
7927 23 1.08666
35574 8 1.42996
24969 7 0.891088
22639 22 1.35431
3774 24 1.12511
27699 8 0.740675
33113 17 0.91183
22578 9 0.727545
34048 6 1.44923
1463 22 1.18908
9014 19 1.08601
33262 26 0.855509
16858 24 0.574595
35225 18 1.06351
29477 6 0.736866
11027 22 0.968063
7931 21 0.902129
7932 20 0.649499
6528 15 0.996738
2741 4 0.700031
26502 29 1.40924
3836 13 0.963095
32365 3 1.19599
1793 25 1.2438
3626 22 0.509971
12257 31 1.35981
39847 6 0.644454
23299 8 1.095
15023 6 0.791778
29478 2 0.76356
27352 10 0.847442
26130 22 0.656772
11658 12 1.27733
16964 6 1.31025
15976 0 1.2041
33769 28 0.811507
33450 16 0.502006
38999 3 0.70277
17576 4 0.834971
4539 16 0.799535
9216 0 0.845108
17143 14 0.941837
11526 11 1.15293
14600 4 0.608766
3804 6 1.12405
18370 2 1.35903
20406 1 1.08036
3918 13 1.37536
5278 27 1.27901
33044 14 0.579948
35495 26 0.952744
8703 25 0.653633
31035 23 0.896062
10445 0 0.720348
35722 13 1.19971
15505 22 0.993316
34807 17 0.953225
9597 7 1.3785
4454 13 1.2517
27748 18 0.826219
1084 3 1.20181
11342 17 0.984303
28686 0 0.69519
23817 10 0.973779
30234 8 0.611466
15365 5 0.862271
34443 29 0.758234
35848 20 0.631548
17066 15 1.21534
37762 30 0.622833
21780 6 1.18766
12705 20 0.792979
33249 4 1.09673
39767 26 0.932216
39491 28 1.30011
578 26 1.02559
7187 29 1.38598
17860 15 1.10973
27187 26 1.39852
23022 3 0.98455
26351 11 0.889017
8206 22 0.888168
25957 21 0.503518
25423 26 1.09643
14680 16 0.767857
36121 30 0.537676
12775 22 1.23586
14057 7 0.864035
9304 26 1.4253
14143 7 0.765248
19857 0 0.633064
32096 13 1.02571
39377 25 1.47377
3805 24 0.769164
8598 22 0.727804
29150 29 1.33156
26285 23 1.34113
5093 21 0.627476
34751 18 1.34419
14151 24 1.30273
13445 4 0.684563
31152 5 1.00666
20866 10 0.723183
38685 19 1.10818
16066 19 1.12408
16706 10 1.05475
18621 29 1.13206
7589 31 1.15505
12741 11 1.04395
4545 0 0.682058
31078 1 1.10989
12641 2 1.29386
29147 13 1.13732
22707 31 0.650192
28799 22 0.927371
38497 8 1.00434
996 15 0.756888
18403 21 1.44165
6104 5 0.828159
13890 1 1.08439
2491 8 1.31198
3854 29 1.34922
4609 7 1.49522
35150 12 0.758727
13440 28 0.855325
31666 27 1.0533
34770 17 0.930772
20078 7 1.029
35237 30 1.49097
11142 20 0.848392
27301 30 1.16518
28903 28 0.990422
11332 26 0.572298
32302 31 1.05643
30303 4 1.11529
9614 28 1.03976
11703 17 1.49979
30491 7 1.00502
1775 7 0.561293
30129 13 1.21606
5178 2 0.851343
1127 5 1.12679
8986 14 1.09808
3915 25 1.14433
35300 27 1.47593
32505 22 1.28803
13216 15 1.27658
25049 29 1.44165
6240 1 0.953674
9635 30 0.824487
37426 22 0.932157
21118 31 1.2409
3235 25 1.11355
18852 20 1.05372
617 21 0.673138
35921 31 1.17096
9515 21 1.07802
16125 0 0.938014
23152 14 0.606358
26049 17 1.02516
5334 7 1.14705
5188 26 0.654761
33763 14 0.832995
24268 4 0.803766
5754 4 0.676888
35236 17 1.41731
39270 5 0.975951
2036 29 0.864246
3090 12 1.14796
6609 19 0.871628
4039 3 1.18984
21745 9 0.800506
14987 15 1.30628
17191 3 1.31398
38364 20 0.817826
117 26 0.629453
13699 25 1.48456
18733 6 0.573943
29099 29 1.03153
22884 6 0.976154
39613 27 1.17077
7258 30 0.600236
10611 2 1.39045
1987 5 0.79517
2673 28 0.689714
31446 10 1.48833
27400 8 0.558701
1273 12 0.869418
14875 13 1.14046
30043 31 0.770896
33270 2 1.35351
8073 11 1.27657
2476 28 0.513605
4633 4 0.801671
17669 26 0.890985
27452 16 1.08922
39254 25 0.541247
13468 19 1.1292
23161 13 1.06468
22639 3 0.766094
7310 22 0.546005
33749 27 1.48241
1980 4 1.30006
5990 17 1.39704
30143 14 0.871018
811 2 0.506354
31830 16 1.08291
29039 11 0.551215
8773 3 1.43541
35255 3 1.2567
1957 29 1.45727
30390 0 0.885406
30386 30 0.639182
4279 23 0.663955
2262 31 1.4951
33227 4 0.575104
18927 11 1.13877
34047 19 0.975379
26772 14 1.22625
32454 29 1.28501
16539 3 0.77814
16476 28 0.873593
631 16 1.49616
32279 1 0.853971
24505 12 0.959768
32493 29 0.85965
32824 18 1.22996
5304 11 1.37049
31440 3 0.518377
2027 2 0.837931
32323 23 1.31342
27298 28 0.517545
10580 13 0.5775
34990 0 0.691231
31968 10 0.678355
14519 15 0.598725
202 1 0.960334
18544 9 1.20262
20982 9 1.39334
28882 9 1.09644
26137 6 0.528582
20082 23 1.34504
12124 22 1.04055
9591 31 0.700887
11451 8 1.03958
12286 12 1.22302
5973 17 1.20212
13248 14 0.741562
13453 1 0.811562
14557 23 1.30856
39223 10 1.42205
161 12 0.788549
14419 22 1.28054
27948 23 0.78213
2932 25 1.07505
17863 29 1.39514
23664 0 0.705672
17595 13 1.16041
25052 23 1.37942
31981 13 0.672451
9509 11 0.9764
8972 24 0.987211
30822 23 1.41562
26977 13 0.79536
33455 13 1.24871
29432 17 0.685557
18253 18 0.762959
29635 5 1.44452
5227 25 0.696418
13831 12 0.942115
27102 29 1.11944
32220 12 1.31915
22259 22 1.22698
39705 10 0.846513
29410 2 0.85395
11781 21 0.966457
33511 7 0.784861
8236 3 0.987222
1002 28 0.912964
6291 18 1.24875
34267 22 1.16145
31546 20 1.39355
34640 1 1.46648
32221 8 1.40555
3609 21 1.0408
22997 30 0.907308
22980 14 1.08001
36659 10 0.545023
17740 23 1.49787
11269 6 0.845135
12818 14 0.678331
25597 20 0.879596
6855 11 1.2248
27599 4 1.00517
11327 15 1.31797
6937 9 1.25613
3288 7 1.47139
12750 5 1.22452
13530 26 1.49966
8960 19 0.81985
23025 23 1.33554
33117 1 1.28039
12214 22 0.705951
11664 22 0.980106
25415 7 0.775974
18467 4 1.32978
23553 13 1.01795
19902 24 0.746836
20189 3 1.12154
30968 31 1.2326
538 28 1.45367
26454 13 0.734471
11912 9 0.670852
2578 26 1.44888
27881 16 1.27176
28440 12 0.941577
27314 11 1.3483
26970 19 1.41184
21930 13 1.3145
37313 20 1.28462
20248 10 1.32621
29917 4 0.979953
32055 4 0.829525
1981 2 1.49643
9678 17 0.540948
828 11 1.35713
33913 5 0.862697
38317 25 0.520192
34009 16 1.47007
39791 31 1.2112
2224 21 0.533804
20844 26 1.17453
36530 30 1.15066
36746 0 0.816986
18652 8 0.576613
22398 7 0.705576
25607 30 1.11937
28949 4 1.10588
18730 20 0.655078
31319 7 1.48141
39106 6 0.567636
2996 10 0.740488
30807 30 1.43361
28335 30 1.11628
3312 25 1.03957
27075 25 1.36913
9363 12 0.524189
30413 27 1.32143
26258 17 0.570786
4160 31 0.809666
22860 6 1.36771
37107 10 0.996701
15823 20 0.718379
36834 7 0.918063
19158 29 0.675622
21025 28 1.42654
11554 19 0.962227
5804 30 1.03809
36529 22 0.872927
27469 24 1.11022
18307 14 0.524896
14101 21 0.840332
25601 22 1.09278
30901 20 0.680045
21644 10 0.537301
11619 2 0.975319
20704 17 0.82612
23017 28 1.40157
32387 11 1.19715
20480 12 0.746793
19469 23 0.89514
3876 7 0.535361
12105 14 0.549541
34775 2 0.774742
7716 15 0.541724
5959 4 1.30483
36885 24 1.26956
21709 10 1.43928
28862 4 0.970162
38116 4 1.45457
24080 11 0.627799
13590 17 1.41743
1648 7 0.865131
34361 16 1.16191
34573 9 1.31707
20132 6 1.0255
22409 16 0.541847
37458 23 0.998223
14274 21 1.23664
6752 8 0.86803
5362 18 1.34091
26839 0 1.19636
30628 19 0.948229
16746 23 1.26642
18390 24 1.4066
6565 21 1.10227
27832 2 1.15598
22454 6 1.43036
24247 6 0.567688
965 21 1.47648
9041 27 1.45831
6112 12 1.11151
28798 18 0.673723
19602 25 0.70955
20667 23 1.08946
6430 31 1.39793
6736 18 1.03022
23420 0 0.908885
3463 19 0.729589
4530 29 0.514319
11705 16 0.833133
25671 10 1.4068
10980 21 0.572
2821 22 0.830486
11017 11 1.10319
25373 27 0.610217
22574 7 1.34059
22091 28 0.880152
5119 16 0.829102
24235 26 1.48247
31381 1 1.30326
24728 25 0.928613
18613 26 0.599239
29875 2 1.01994
16834 10 1.12123
2074 7 0.944804
16074 9 1.37555
30215 13 0.65987
34124 13 0.717061
31471 30 1.37751
9824 4 0.802398
30207 4 0.887612
39906 31 0.504501
23730 2 1.49668
36748 5 0.743426
35338 3 1.4957
16765 6 0.987516
37079 11 0.777456
35996 8 0.594405
28480 17 0.693887
19707 17 0.710088
21106 9 1.41842
12328 26 1.47035
5766 30 0.715314
15285 14 1.30358
5304 20 1.06121
9832 31 1.21094
30804 31 1.18596
28443 8 0.969449
6576 22 1.23873
14282 26 1.36297
34056 24 1.34959
34481 5 0.798042
18512 23 0.552297
17139 4 1.28406
24170 22 1.29602
15367 11 1.07931
34028 23 1.43967
25536 31 1.48124
9067 13 0.603409
10644 14 1.21006
8380 3 0.819431
30989 8 1.19027
20056 17 0.843776
24968 6 1.4184
29560 5 0.896601
27124 0 1.23125
19750 21 0.903628
30198 13 0.550234
30230 13 0.663335
37332 24 1.3037
20938 23 0.530847
33566 19 1.35889
25105 19 0.900021
13671 15 1.23451
39419 18 0.502317
18298 31 1.27824
797 10 1.37738
32957 18 1.40956
35000 31 0.968608
13163 23 0.842761
16472 0 1.01134
38846 31 0.810298
18292 15 1.12408
6780 17 0.909986
39179 12 0.883843
2208 30 1.15704
17482 12 0.720395
2182 11 0.549653
10989 14 0.503419
38420 5 0.845434
25218 2 1.1794
19325 28 1.4461
5862 16 0.889269
32771 17 1.01155
13589 5 1.29524
32080 17 1.135
6757 20 0.992446
3483 21 0.780561
22972 19 1.01601
19595 16 1.10264
38099 19 1.26933
4355 16 0.69629
20632 7 1.20359
36685 17 0.771713
8564 17 0.642344
1796 29 0.851956
21103 5 1.38045
35131 12 0.794624
9620 29 0.601116
10367 25 1.47044
39730 18 0.621899
27955 8 1.17481
21249 2 1.3581
2091 13 0.632133
36056 2 0.735805
39295 24 0.614108
11261 5 1.17723
5191 24 1.30955
5907 29 1.49312
19332 27 1.21677
25168 7 0.774345
39647 31 0.554092
15622 19 0.799613
15802 31 0.911807
9168 14 0.957518
17196 28 1.15229
29252 19 0.535181
25165 27 1.16008
21430 5 1.20626
26053 25 0.908514
1645 13 0.642512
25921 1 1.49157
2654 24 0.775288
29528 29 0.70346
37316 0 1.0072
21778 11 0.59186
6267 24 0.717756
39795 2 0.790323
15421 25 0.575565
7040 12 0.639817
14443 3 0.95966
38991 28 1.13061
765 16 0.524516
35633 8 0.571581
5051 28 0.954804
16276 13 1.17104
37810 4 0.577147
4642 30 0.706153
2836 0 1.11394
35665 23 0.704331
32156 9 0.846468
1585 9 1.41345
27600 22 0.858859
25074 29 0.687931
15130 24 0.766441
32401 7 0.655625
21353 28 0.826955
29418 9 1.19736
35162 13 0.505683
28732 3 1.1208
15395 23 0.867457
39642 27 0.595733
30794 5 1.40304
17442 12 1.33168
12651 24 0.680773
23071 14 0.800588
34723 0 0.673011
31727 6 0.586061
23950 8 0.782313
30934 19 0.56592
24482 24 1.42736
14483 11 0.802405
24657 31 0.590773
16615 7 1.01392
23626 19 0.897744
22802 14 1.2406
9597 10 1.25224
1167 6 0.55657
11609 4 1.1569
37799 16 0.767442
30377 12 0.976565
25958 29 0.568882
4318 29 0.537441
31880 4 1.14241
36237 21 1.03137
25705 19 0.827748
24666 3 0.61473
33204 1 0.758417
982 28 1.39119
29846 21 0.761966
5647 4 0.861521
30798 3 1.40719
3661 3 1.0881
13510 22 0.876704
32515 15 1.49621
33433 4 0.539961
37952 14 0.947703
16439 3 0.61242
35533 5 1.09249
5272 8 0.59475
35284 6 0.646806
16405 26 0.979306
24762 30 0.82001
33226 2 1.23113
30837 6 0.942593
29717 31 0.614908
28938 5 1.30343
24852 23 0.892953
35021 14 1.41714
21021 5 0.822034
17774 30 0.776259
9828 25 0.604444
1521 11 1.479
4564 4 0.835122
11738 14 1.24959
13225 12 1.39056
25217 5 1.38375
29164 27 1.36894
31207 10 1.44308
2425 10 0.620042
21338 5 1.02468
16564 20 0.632639
14796 6 1.22792
34152 22 0.901191
13620 3 1.30872
22033 11 0.794427
22497 6 1.0485
1628 23 0.854001
4435 10 0.54702
20436 9 0.975672
9102 12 0.594718
31933 6 1.13052
38848 6 0.598367
6689 29 0.802372
16795 29 0.513861
4379 20 1.31686
16107 27 0.636386
15084 20 0.970188
17737 17 1.16088
3884 16 1.4286
19720 19 0.866818
9806 10 0.625855
16863 9 0.71084
35323 21 1.4733
27998 3 1.21744
3727 0 0.99121
27442 7 1.37789
21454 24 0.733574
19202 21 1.43725
12061 18 1.09009
5009 28 0.72072
33836 23 0.603706
32077 19 1.33495
12838 14 1.27691
24612 13 1.16966
22809 1 0.981813
10153 17 1.31941
28392 5 0.785627
1571 26 1.30814
2568 0 0.97001
6604 26 1.40386
2598 1 0.624934
15337 3 1.06431
8120 1 1.35561
27137 27 1.0699
21051 9 0.938812
25949 14 0.586561
26661 12 1.40353
20775 7 0.522565
22737 11 1.3126
6541 10 1.06243
8025 18 1.47658
17057 16 0.849837
7597 29 1.39284
23566 23 1.31886
22777 23 1.44063
1484 7 0.995336
38058 15 0.661376
14106 9 1.1758
2213 22 0.903092
16686 27 1.04332
7038 26 0.870201
20977 28 1.41826
38206 7 0.8692
24958 13 0.67513
22910 18 1.03456
11257 26 0.841719
1346 26 1.30018
6051 20 0.985841
32200 4 0.903312
36387 22 1.01226
4688 28 0.840809
14865 14 1.00997
13231 27 0.874344
37745 3 0.853859
37820 26 0.7814
12774 23 1.44955
21787 1 1.30489
7980 5 1.36843
11695 7 1.18509
32941 26 1.24381
35100 11 0.666954
27732 1 0.998856
24340 19 1.45747
39096 6 1.42399
6643 14 1.39888
27652 13 1.3494
13268 24 1.44501
35564 11 0.573257
35369 8 1.41955
34750 29 0.503486
16365 0 1.09774
30744 29 0.867283
29285 18 0.839778
39988 0 0.506484
1789 19 1.33754
1768 13 0.914797
9739 9 0.534862
25877 25 1.25666
37757 16 0.707826
33091 28 1.03897
148 16 1.11102
4467 0 1.49258
23048 17 1.2781
3396 12 1.36885
5140 21 1.03683
18224 28 1.01002
36456 2 1.4729
12511 23 0.783014
5308 12 1.40698
7449 24 1.22446
18096 13 0.518123
1721 24 0.87478
36512 23 0.962284
37243 11 1.1224
14512 4 1.26707
9499 13 0.576234
345 29 0.938051
34963 3 1.16138
2194 29 1.03196
27237 17 1.02302
29570 16 0.78305
38118 0 1.47818
7848 23 0.621376
36395 12 0.512091
21010 3 0.511999
14954 12 1.39563
36072 25 0.948886
2647 12 0.844487
10714 6 1.41934
13397 10 1.17441
29419 26 1.03963
3172 7 1.22501
373 19 1.04753
32674 18 0.719415
24816 0 0.680615
902 24 0.988261
20532 28 0.515845
10245 30 0.848575
35016 10 0.689835
20459 0 1.11588
7335 28 1.04798
28149 13 0.833171
30697 9 0.504849
11438 2 1.48644
34296 27 0.56982
11646 5 0.851114
35148 13 0.596882
38619 27 0.851212
16375 12 1.39096
14765 22 0.513893
29179 28 1.22988
38210 21 0.571726
5018 23 0.526785
10853 10 0.554915
25432 24 1.41896
5784 6 0.504875
7643 12 0.971664
5752 30 0.728363
39100 18 1.4895
7768 20 0.961951
24508 9 1.24166
12672 25 0.823498
5652 1 1.37314
5358 17 1.29058
253 17 1.11969
2237 11 0.631957
26939 9 1.09164
24972 13 0.700148
17911 16 0.972624
130 16 0.690856
9820 16 1.13483
22721 17 1.11274
12761 31 1.35173
11495 6 0.816171
18959 4 0.66691
12173 30 1.22323
32472 16 1.24206
29694 13 1.32563
11661 30 0.576191
17787 16 0.777899
22775 25 0.99656
34503 0 1.31002
10975 18 0.683507
5586 18 0.93619
37343 1 1.12363
39159 14 0.605972
4080 17 1.14191
8685 15 0.618782
17596 5 1.42808
9573 10 1.42932
34178 25 0.914825
10418 27 0.756817
11328 29 1.47804
1823 16 0.618589
5614 23 1.2187
32699 15 0.610861
3457 13 0.814099
23999 8 1.17422
7809 21 1.30977
15840 13 0.742817
15039 17 1.34701
22407 7 0.56989
32026 9 1.31367
25315 1 1.34977
20750 10 1.39216
266 7 0.52219
28835 20 1.06737
33102 6 0.628419
7126 22 1.39607
23917 16 0.907848
6117 21 1.1136
28968 3 0.913781
29907 28 0.607473
35757 27 0.538504
26129 7 0.68318
27210 24 0.555553
32316 14 1.28239
26594 6 0.723417
17288 24 1.15175
15383 26 1.12571
9874 18 0.789145
17588 19 0.553326
33512 16 0.972655
19977 28 1.0736
27029 23 1.47125
23945 25 0.56846
14059 15 1.15473
12145 22 0.500743
17933 10 1.12917
11363 12 0.953073
31360 4 0.555064
727 12 1.07153
35983 6 0.776057
37638 16 0.570006
26256 5 1.03476
17576 23 1.48071
15309 15 1.25538
32977 5 1.0419
38684 1 1.25163
4771 5 1.01755
11331 9 0.829799
33944 25 1.2887
27696 2 0.636273
17993 3 1.01719
25438 3 0.608871
28241 19 1.40205
24656 12 0.905683
6501 11 1.05932
33893 8 1.20182
34752 10 0.719016
6029 20 1.48804
4711 14 1.38758
7704 5 1.23558
10350 20 1.04281
24132 27 1.35895
36810 7 1.14691
9622 25 0.719425
29166 26 0.561286
22097 16 0.524768
8380 4 0.679073
21056 8 0.872503
7202 5 1.17637
31251 28 0.872765
870 17 0.516703
20242 19 0.508174
22777 13 0.957042
5951 3 1.33357
28335 8 1.47948
7203 3 1.33672
37623 31 1.13001
15459 26 1.39654
28885 12 1.47196
13242 17 0.810848
11581 2 1.45647
34246 1 0.721238
39988 28 0.864694
28259 12 0.688881
11654 4 1.29129
9176 17 0.980766
31616 14 0.596631
31615 23 0.997967
2805 20 0.662767
3588 15 1.09517
10005 5 0.517197
12031 23 1.30463
28632 8 1.24592
12733 9 0.757793
11544 14 0.613656
2216 31 1.31032
23597 18 1.22889
14651 17 1.38348
15412 11 1.46749
39515 4 1.45078
17751 31 0.542324
28948 2 1.21461
4005 23 1.35113
6226 24 0.535911
26366 29 0.849502
36325 8 0.799039
3421 20 1.49647
7712 22 0.714564
7804 6 0.745794
36196 14 1.42887
31458 3 1.04573
12581 23 1.18369
31523 10 1.45781
4304 27 1.46041
440 23 0.970131
3604 21 1.42452
10573 30 0.891921
36003 7 1.36009
38574 27 1.07819
19037 2 0.658207
14392 30 0.81269
6406 20 1.41893
15068 13 0.958514
21988 3 1.14285
17160 5 1.09137
36449 5 1.10148
13413 10 0.955584
11757 6 1.12009
5377 24 0.870753
31334 17 1.33248
15892 0 1.16056
30100 25 1.26317
9872 18 0.710757
33521 29 0.50087
39580 23 0.959147
6846 0 0.871255
8502 24 0.870388
14011 18 0.779483
36385 19 0.933974
26341 27 1.14451
13393 18 1.40817
65 18 0.926686
29517 1 1.02814
38554 15 1.47731
33400 14 1.08996
37274 21 0.719436
34158 11 1.00176
9655 31 1.00353
31595 9 0.900868
27105 25 0.83632
17261 31 1.4475
31964 20 0.851614
5822 19 0.947188
9058 12 1.04868
16160 23 1.21878
26474 5 1.41823
12369 18 1.33581
14787 6 0.587216
27693 10 0.987673
32756 10 0.568255
38898 29 1.46783
12350 23 0.622259
14780 23 0.615898
6315 5 0.996936
1845 21 1.27922
38893 27 0.510327
37768 31 1.00027
16355 21 1.20245
11770 7 1.1976
13205 12 1.20557
25707 6 1.39452
28317 26 1.06775
13148 20 0.552619
29129 25 0.998718
4421 14 1.117
33936 11 0.662987
9347 0 1.01321
19562 27 0.83848
19761 19 0.887132
15316 6 0.562051
9613 31 1.04289
28655 28 1.35001
22484 24 0.741883
37324 29 1.36653
39956 2 1.25664
17271 14 1.00514
25036 7 0.754705
6358 14 1.00606
33344 8 1.41072
13483 19 0.884445
25032 17 1.12236
33298 2 0.711983
26067 6 0.90442
29039 12 1.14517
1630 20 1.24228
14311 0 0.965052
33935 29 0.805129
9626 21 1.07842
3000 8 0.917583
13412 26 1.1444
37007 18 0.857157
27523 15 0.998871
9352 18 0.692305
29359 4 0.629043
27576 29 0.668037
7736 5 0.528402
27929 30 0.693913
31367 22 1.18996
8722 12 1.4431
32782 5 0.654828
37300 16 1.14525
6996 22 0.592938
34970 6 0.933569
30732 11 0.622724
36757 21 0.542517
13208 4 0.604697
4096 2 1.02729
15027 7 1.09999
17994 1 1.49227
29918 5 1.07057
28273 4 1.4256
12649 14 0.818705
24306 23 0.901819
28574 12 0.944425
38775 7 0.641604
16906 6 1.27566
4601 22 1.26271
2662 19 0.671125
38282 2 0.958965
20547 21 1.42287
39929 26 1.02015
18516 1 0.944566
30359 11 0.691244
16605 2 0.763888
19896 3 1.33528
4425 21 0.775271
20478 7 1.39429
4837 2 1.06443
18139 24 0.522978
31811 20 1.10673
10364 18 1.1393
30565 22 0.972852
38880 2 1.32334
38419 23 0.844682
38105 28 1.03679
16897 11 0.667361
13970 21 1.4766
32741 12 0.974511
27725 14 0.630309
9296 1 1.39547
14862 1 0.626446
25980 9 0.506196
34139 11 0.637515
17999 6 1.45753
33280 3 0.76008
13166 17 0.687398
1539 1 1.25736
13128 15 0.93173
7671 21 0.52474
37456 16 1.01884
9984 12 1.31995
12200 8 0.603204
1590 26 1.35526
12829 19 0.995892
147 1 0.568386
20023 27 0.599996
29703 19 1.0431
25910 23 0.742303
2154 22 0.710816
18000 30 0.838824
16744 29 1.22811
14064 30 0.993136
36944 8 1.13507
22580 6 1.1337
9763 2 1.02967
27685 3 0.600473
21361 2 1.11248
21106 3 1.30216
20313 23 0.69092
36574 27 1.44984
16526 5 0.806863
29811 8 0.803918
27618 9 0.662885
9882 0 1.08947
29310 13 1.49924
36917 24 0.754654
9300 19 0.76972
19709 15 1.44179
31859 18 1.39658
38555 12 1.23025
6847 19 0.667761
38034 12 1.1303
9298 26 0.502432
14035 17 0.696625
25780 12 0.871079
13183 18 1.40027
32219 23 1.46789
27979 14 0.594022
15681 25 1.32822
26392 28 0.653758
32273 29 0.544066
17672 1 1.18567
10000 0 1.1701
9230 18 0.697462
18404 3 1.44603
8451 8 0.681905
21385 6 1.30564
23626 1 0.860627
31963 4 0.877928
25293 5 1.21923
2998 5 1.2154
29973 1 0.739263
16540 16 1.1679
15929 13 0.776334
26119 6 0.598477
15702 25 1.42113
20541 27 1.10351
3751 13 0.74206
11888 12 0.533724
10067 5 1.43986
20802 27 1.44808
26048 8 1.22391
25350 4 1.41465
20490 6 1.10446
30395 7 1.28035
9775 23 1.20024
37688 11 1.17556
904 27 1.24748
23122 5 1.14528
30143 15 0.816197
21383 30 0.865228
19199 3 0.604826
18590 17 0.803368
1444 26 1.02583
13956 21 0.545716
4982 5 0.963411
28248 1 1.39816
25927 20 1.08044
32663 6 0.879831
6531 6 0.503805
14341 18 0.513709
33140 26 1.1924
4804 19 0.579996
5785 20 0.898277
29823 3 0.810603
6166 27 1.46755
19737 24 0.975966
33705 10 1.21237
36058 4 1.39225
6948 23 1.34375
7107 4 1.06627
6011 16 0.788546
4991 14 1.19601
18008 1 1.16675
17552 19 0.681801
11760 12 1.05723
18804 0 0.85984
26139 5 0.836151
27388 16 0.847651
18021 11 1.01732
5159 28 1.41248
24986 7 1.38351
18377 15 0.847009
16591 25 1.26403
13173 3 0.514123
30355 1 1.36704
24141 20 1.4882
21689 27 1.21543
17084 15 1.34505
20554 7 0.709053
15737 22 0.885712
2534 20 1.20633
28324 3 1.44793
19454 26 1.33312
2718 19 0.764147
6585 10 0.603574
34714 6 0.639743
24965 1 0.710967
33771 16 0.668696
20591 1 0.86886
21185 20 0.612022
10112 9 0.992467
25741 14 1.28247
23199 20 1.2882
18819 31 0.880836
16509 2 1.20289
103 6 0.822375
22477 18 1.36406
22121 0 1.42826
19832 0 1.40952
17191 7 1.00145
3247 23 0.611812
4426 28 0.6406
31200 16 0.541736
6203 22 1.21098
2699 4 0.781809
18862 10 0.900179
20532 19 0.904199
4457 12 1.38418
4457 28 0.957312
144 21 0.95408
25692 7 0.925606
7441 6 1.17896
5871 29 1.43044
38619 13 0.874108
8607 17 0.510493
33548 8 1.08616
17771 29 1.42203
13243 18 0.920235
5198 10 0.845812
4381 4 0.549881
22186 11 1.44854
1046 3 1.01419
12769 19 0.724206
11701 21 1.23578
30395 28 1.43215
28984 15 1.19285
9294 1 1.37473
37661 20 1.46116
6322 1 0.698887
9160 15 1.02915
29087 24 1.40024
18518 21 1.00529
25549 3 0.792412
24904 1 1.29777
35563 22 0.667151
6612 9 1.0534
32782 10 1.18839
29018 27 1.46411
27213 25 0.745419
9989 23 0.846495
36143 8 1.40024
8812 19 1.41102
7829 31 0.96422
4551 27 1.25499
4631 2 1.01447
26998 30 0.833524
22959 14 1.3984
29856 3 0.889813
36509 0 1.42543
33527 25 1.24043
39291 30 1.4817
23187 12 0.707477
37886 21 1.0241
3211 2 1.4008
876 3 1.12471
32309 1 1.44615
5031 27 1.42985
32094 26 1.41596
33216 31 0.591748
33997 5 0.691091
33233 6 1.00896
31780 20 1.48706
34173 1 0.504894
37679 31 1.46777
15389 7 0.831874
11786 27 1.4553
29637 13 0.871811
34190 7 0.614103
34580 1 0.925913
4960 4 0.962328
10143 6 1.22776
34427 6 0.723733
8286 8 1.4616
6893 18 0.539957
33764 27 0.880871
14583 8 1.0584
10427 4 1.31275
13408 7 0.504775
6263 22 1.1876
13111 5 1.28573
2357 8 1.0847
7023 9 1.37988
39897 21 0.779026
38067 8 1.15841
14112 14 1.31102
16853 3 1.0003
9270 0 1.0446
11214 13 0.62011
4296 3 0.522581
9819 26 1.3758
36154 22 0.516108
27550 5 0.760219
11619 6 1.14559
8532 29 1.37717
35265 5 1.22637
2434 21 0.850844
17527 18 1.38192
13531 5 1.02582
14947 13 0.733779
24113 21 0.745901
39665 29 0.787171
32000 28 0.882747
14221 18 0.966053
9179 17 0.911574
31515 9 1.36883
1160 11 1.38662
39459 16 1.24429
15748 7 1.44525
35002 0 0.942811
13523 18 0.523924
1507 30 0.984619
31642 1 1.15328
15144 7 0.866059
32670 16 0.976269
39213 11 1.31397
31193 25 1.16737
2927 11 1.01861
11446 11 1.43789
22841 5 1.03934
19859 15 1.3204
2109 19 0.868728
2279 18 0.857192
6644 26 0.980853
25580 12 0.725696
20842 13 1.2015
39880 11 0.56597
30597 12 0.523477
24929 19 0.887678
18716 15 1.09817
9966 1 0.960484
208 2 1.40884
17234 17 0.73829
28194 12 0.795742
11215 21 1.00078
15725 23 1.36166
7927 31 1.14685
19537 22 0.586667
28454 2 0.593693
11872 31 0.795885
9989 26 0.830892
8630 0 1.21131
17143 9 0.917773
3547 10 0.974503
37917 12 0.833021
25331 8 1.3637
23099 8 0.547773
31881 16 1.48331
9168 19 1.29227
5774 16 1.00054
7676 13 0.545842
29928 29 0.654952
11264 0 0.616295
9766 7 1.01441
2397 26 1.30979
24017 2 0.980377
39691 2 1.3717
2516 20 1.22803
30537 22 1.35895
5410 6 0.923618
34772 0 0.825032
27997 12 0.989331
14163 20 0.84653
25452 23 0.797484
2648 13 0.960031
35189 8 1.23552
35215 30 0.850607
1815 24 1.40479
780 3 1.12448
12147 16 1.39954
16194 27 1.26378
13689 22 0.6754
17187 28 1.45505
36695 24 0.789204
11775 21 0.569253
26290 22 0.820199
33369 31 0.930397
18486 3 1.10353
10192 19 0.672742
8994 23 0.618644
8152 0 1.25683
9165 2 0.878487
32850 24 1.33738
16873 14 0.58575
30569 7 1.24218
6122 26 0.646818
7358 24 0.904812
31394 4 1.44532
4043 5 0.514597
25826 17 1.29642
845 18 1.31521
28100 24 1.38543
27263 15 0.941392
23684 31 1.37049
30782 30 1.29454
22939 26 1.32252
18143 17 1.06803
6536 6 1.28816
6220 15 0.792944
34682 27 1.22247
16937 30 1.38889
30351 20 0.810331
7557 29 0.988247
28987 8 0.662528
24208 30 1.48844
22202 14 1.26617
16317 14 1.03082
33881 1 0.883033
30493 30 1.43077
39548 4 0.733595
24047 5 1.15074
30745 24 0.584965
20684 19 1.22419
38713 5 1.084
682 2 1.40206
24349 21 0.956751
17872 3 1.23686
727 6 1.02099
22360 22 0.598151
16521 12 0.746587
16412 22 1.15112
31991 7 0.919076
38356 24 0.943546
12076 23 1.12076
10730 12 1.41793
14497 3 0.816118
3142 13 0.654254
9161 30 1.10514
4913 22 1.46759
34360 23 0.876115
32671 0 0.80112
16289 1 1.07531
38862 4 0.780199
22366 2 1.46245
8060 23 0.585054
32992 14 0.541685
4330 18 1.27344
4764 27 0.783891
11008 28 0.763049
8536 19 1.2055
1187 28 1.4789
24688 0 1.23242
33883 14 1.2835
35535 31 1.12071
13764 19 0.583019
21999 30 1.41931
2577 11 1.44663
32996 20 1.25591
12917 13 0.947817
7191 26 1.43108
12719 31 1.44411
864 31 0.746205
19994 19 1.39578
16119 6 0.753481
35778 14 1.15495
3952 10 1.04387
734 26 0.598804
39716 10 0.569979
32112 11 0.921966
2403 1 0.724928
13593 31 0.815351
10435 20 0.843346
33105 15 0.632546
28014 31 0.59318
1601 18 1.4029
10763 2 0.538134
7804 8 0.906475
7452 4 0.939997
29814 7 0.511494
8523 21 1.36463
28000 27 1.03621
19072 12 0.757084
5198 18 0.559281
38800 1 1.21454
39182 28 0.601389
29452 26 1.09559
24572 8 0.51612
28676 31 0.823506
2391 19 1.15829
7343 25 1.15936
5978 14 0.683415
33490 11 0.50586
1799 10 1.28204
15159 7 1.05329
24524 24 1.17711
5791 23 1.36559
4378 29 1.2379
39967 0 0.959993
19078 8 1.27471
25236 20 1.21151
28538 5 0.953512
32379 19 0.932785
24423 9 1.06575
19806 27 0.779171
4466 18 1.19977
19009 11 0.823991
24396 17 0.682278
1957 1 1.2367
17684 2 1.23227
15503 13 0.562324
32106 3 0.667358
3583 0 1.35704
17709 15 0.677886
24450 12 1.29535
39234 17 1.08218
15300 8 0.521873
1121 21 1.07096
15115 5 0.883612
28772 13 0.990902
19206 5 1.19181
160 2 0.577539
7635 30 1.22079
30032 6 0.725597
20739 3 1.01519
27828 4 1.20362
3498 25 0.521728
33347 29 0.713717
37901 12 0.766147
23778 7 1.02684
33976 9 0.835376
34789 23 0.815593
5575 17 1.44976
6852 13 0.687254
32691 25 1.02718
11449 13 0.679128
8785 27 1.32976
24447 3 0.642907
15970 18 0.910592
22140 14 1.21036
18837 14 1.19728
12348 18 1.36378
2945 16 0.987459
4180 29 1.37343
14940 7 0.673139
8135 28 0.621157
20188 26 0.807382
26397 26 1.29282
7336 5 0.58461
2749 0 0.779638
36603 8 1.19209
95 2 0.942006
18749 29 1.21988
2567 30 1.2324
20673 15 1.20404
38100 27 0.877922
13131 10 0.970327
2469 4 0.507732
16684 28 1.26561
24929 18 1.13846
3144 0 0.974717
23771 21 1.33053
30986 8 1.32337
25117 5 1.36731
26216 12 1.17362
25324 5 1.15169
24805 29 1.03119
23777 7 0.550191
30447 31 0.602135
36589 27 0.781776
39999 27 0.520311
29291 21 1.09484
14603 25 1.43453
38548 23 1.14215
28745 27 1.43229
17705 14 1.2563
13771 17 0.949771
38909 13 0.689096
23991 10 0.853891
18589 27 0.584418
11180 9 1.02702
13827 18 1.24068
39824 27 0.904028
33812 23 1.03115
6663 13 0.65045
31831 5 1.0762
34541 13 0.684136
15750 20 0.536476
36236 18 0.912868
2283 27 1.44741
9036 3 0.773327
16362 4 0.535594
10159 18 0.806035
34662 13 0.716504
36313 29 0.999264
34120 4 1.08788
8432 15 1.2838
28337 15 1.08759
16977 23 0.628371
20090 29 0.757184
36614 0 0.951544
789 3 0.824878
27459 1 1.13082
23998 9 1.44478
5643 2 1.314
8933 22 0.942776
4948 0 0.707696
12834 11 0.913648
15681 11 0.638389
10304 23 1.09212
23512 14 0.790651
39726 21 1.47313
884 19 1.22703
10475 6 0.664048
13202 2 1.27398
21060 18 1.43529
32818 18 1.28601
10861 26 1.48017
28507 9 0.965577
38003 7 1.33343
37092 0 0.667525
26134 18 1.19474
27893 17 0.801808
33035 1 1.18094
28884 5 1.09546
29043 16 1.41814
9311 19 1.07702
25631 26 0.959701
11486 2 0.807995
5817 23 1.39935
27252 0 0.527923
27487 5 1.1599
34557 27 0.616213
15947 26 1.32342
5919 0 1.4843
29467 12 1.03772
294 21 1.37024
35888 19 1.06071
16124 20 1.21633
31194 5 1.31864
32270 21 1.23413
37130 12 0.587862
29702 15 0.506906
26921 5 1.22476
13615 4 1.47569
22644 2 1.37594
6793 11 0.618328
32025 10 1.12211
30982 17 0.519067
13755 4 0.571522
19094 8 0.829979
17567 25 0.78328
32734 27 1.3339
23251 8 0.50154
14939 5 0.549481
28007 16 0.670507
24036 22 1.2808
24109 4 0.947365
4943 11 0.932562
2963 13 0.776681
19766 4 1.43475
7179 8 1.44169
884 15 0.778551
7075 2 1.46318
10348 27 0.746603
12541 0 1.47265
22154 4 1.03045
38741 28 1.49221
28779 30 0.513766
24520 11 0.885906
7063 4 0.564958
22094 19 0.759431
14111 10 1.04941
1696 29 0.840408
7130 13 0.812387
37984 23 1.27423
30636 6 1.37171
15720 6 1.05929
27440 9 0.861978
14644 20 1.00175
16079 29 1.03245
17590 29 1.07119
1337 4 0.784374
19006 18 0.708923
5765 25 1.36797
11691 3 0.915581
8155 13 1.47314
4355 26 0.923064
23983 3 0.90932
34226 16 0.529589
26597 6 1.13893
15349 10 1.34892
26151 2 0.745921
39873 30 0.58824
34136 8 1.48053
39804 29 0.647348
20197 6 1.34442
2264 26 1.42229
30798 2 1.08649
17348 19 0.504829
22805 4 0.686132
9838 20 1.16353
16638 17 1.48495
8899 19 0.79328
35634 29 0.844432
33031 14 0.807513
26093 9 1.29688
20528 29 0.868366
25127 17 0.71478
33338 2 0.91296
9460 21 1.12656
36391 18 0.863206
26964 1 0.658711
19830 11 1.3029
2608 12 1.42361
27410 7 1.30532
30200 9 1.03397
32784 10 0.642014
14672 28 1.2379
17251 16 1.33919
33263 14 0.882361
3433 10 0.60416
9333 30 1.46271
33115 11 1.17269
9017 17 1.33554
39177 14 0.583513
13067 3 0.718953
14473 30 1.47974
30042 29 0.694228
22148 17 0.941599
15504 16 0.713835
906 27 1.26071
10589 15 0.692191
5298 10 1.4512
30091 15 0.823378
22962 11 1.06624
13714 22 0.583878
30730 19 0.692231
3194 4 0.691803
38303 12 1.08879
32437 9 0.829517
35842 14 0.891381
31349 6 0.964013
33853 16 1.12773
38613 15 0.782824
5646 6 1.05816
21010 21 1.20811
36971 29 0.652083
9820 24 0.791138
707 18 0.653944
37419 15 1.03342
30791 14 0.578881
11834 27 1.39831
22987 17 1.16647
2755 15 0.871316
30222 16 0.558912
12166 27 1.28603
2746 22 1.24311
32555 12 1.10393
8589 8 0.582374
17679 22 1.28631
37643 6 1.11315
21655 22 0.844447
30744 19 0.777542
31214 21 0.946637
515 5 1.2705
32217 24 0.647545
37816 19 0.614118
28197 22 1.30125
25264 0 1.49215
2353 12 1.3742
19708 7 0.699366
26401 2 0.861885
13764 23 1.09426
26663 18 0.814594
20966 7 0.926339
23415 19 0.736189
8553 8 1.44475
31403 29 1.2674
22544 17 1.01367
17278 14 0.704133
31921 10 1.17496
34200 15 1.01096
12872 14 0.555413
25897 10 0.733186
34242 19 1.46847
30715 19 0.849205
2454 10 1.1407
13268 17 0.504282
14532 12 0.816834
16897 6 0.864131
25976 20 0.815001
22488 26 1.46938
38163 6 0.758077
36528 20 0.741542
32949 20 0.886958
16876 27 1.48961
18143 8 1.48373
30846 30 0.873738
39765 23 1.31678
32499 16 1.02525
17137 12 0.941041
2113 5 0.580227
32693 20 1.07944
8484 14 1.28154
1995 17 0.867148
23365 18 0.92394
22735 3 0.889164
18067 31 1.21406
32711 21 1.22787
32238 31 1.13265
37962 11 1.23016
14320 17 0.62756
5068 0 0.8741
32990 13 0.774747
6256 26 1.05265
24940 0 0.640287
24877 1 0.670313
24097 2 1.22827
11424 31 0.964911
26058 11 0.795542
7344 26 1.22956
28872 23 0.807113
35496 18 0.752675
17462 28 0.63812
24127 13 1.29918
23006 6 1.41185
14155 15 1.4814
36077 4 0.663567
12119 4 0.514884
17053 31 1.35595
23321 19 0.859408
36401 13 1.00953
13181 6 1.38469
37664 4 0.54926
32087 26 1.19866
23665 22 1.16943
35464 12 0.810568
12284 7 1.3064
2299 10 1.32042
14368 20 1.35869
17561 2 0.740222
3480 8 0.901997
24547 15 0.632107
32324 8 0.886554
16189 11 0.55711
5351 18 1.06202
12836 11 0.69951
13657 19 1.00848
37722 11 0.850163
38881 6 0.908037
29473 31 0.578124
36554 21 0.766829
1182 31 1.24918
440 28 1.46327
5056 11 1.42473
8666 6 1.14695
13805 8 0.83719
36672 5 0.818096
13966 3 0.503082
16433 30 1.17939
7804 13 0.510747
1873 13 0.644169
9931 26 1.33613
514 2 1.21899
25625 23 0.549084
34569 2 0.522826
13513 2 1.04988
22986 13 0.573254
16641 30 0.637324
31462 11 1.02186
14426 26 1.47713
33527 16 0.51438
209 28 0.665769
18018 6 0.96793
17088 11 0.87912
14725 12 0.917412
36492 0 1.43716
31305 16 1.14409
29614 26 1.44161
15241 27 0.877627
13569 15 1.31558
25416 29 0.973165
6993 5 1.02903
12780 2 1.11227
23360 1 0.798545
21294 24 1.15968
17358 26 0.874382
13341 25 0.50242
19428 10 0.899083
19084 14 1.08218
31068 4 0.567381
35850 12 1.02902
16766 12 0.745472
11011 23 0.529079
24612 8 1.33653
11033 4 0.773706
33927 21 1.28488
30550 22 1.30357
32302 5 0.677346
23138 31 1.28232
17299 14 1.10726
26475 23 1.37161
27041 17 0.554108
23255 27 1.05504
12505 16 0.731902
10123 30 1.31185
30918 14 1.32194
20877 10 1.35674
34330 6 0.512115
409 20 1.19933
25624 7 1.12842
10242 25 0.848324
31414 30 1.34004
4682 13 0.793405
9537 7 1.16783
13453 18 1.14196
24721 22 0.755738
18102 13 1.06099
23878 18 1.23922
30044 30 0.779642
33804 20 0.68999
39928 5 1.42646
26133 25 1.04331
9888 10 1.47679
28478 26 0.799906
18672 3 1.24541
24393 13 1.44455
13507 20 1.38529
13563 1 0.850765
25803 1 1.18582
4451 15 1.32887
8881 9 0.836713
10747 1 0.916908
26621 11 1.02797
4732 14 1.14957
17838 6 0.939299
798 20 1.00593
11573 30 0.786825
19171 9 1.25808
31992 21 1.25458
13975 20 1.30414
26704 22 0.572455
34810 0 0.926779
23983 19 1.31955
19157 9 1.43849
3209 22 0.68008
27766 13 0.855335
16216 16 0.670888
16585 30 1.38984
36807 10 0.978282
32816 27 0.825457
35243 15 1.32002
4311 0 1.03792
30431 11 0.866706
33736 9 1.06451
2129 8 0.782614
34298 4 0.747427
4734 25 1.4828
21647 10 1.13756
26886 28 1.43701
8890 20 0.749443
9382 0 1.05304
15544 25 0.752127
18051 27 1.35538
33863 25 1.36877
5198 11 0.664151
32133 8 1.25187
2128 18 0.595004
7460 21 1.36541
24954 14 1.1301
16580 6 0.710555
9021 30 1.45941
5937 17 1.0102
6714 15 1.09515
31877 27 1.35092
8138 13 0.87723
6783 22 0.678716
3907 12 1.23693
9972 21 1.31116
34425 14 0.978267
14970 12 0.852271
22405 17 1.4238
31872 3 1.06985
34425 2 0.988587
3189 26 0.59945
26267 31 0.777892
6279 29 0.778809
39500 12 1.01881
35604 15 0.669856
18712 2 1.16397
29079 13 1.46157
17162 26 0.599449
8866 10 0.781204
